957858	87372
957858	87377
957858	87381
957858	87391
957858	87397
957857	87402
957857	87408
957857	87418
957857	87424
957857	87428
957857	87436
957857	87441
957857	87448
957857	87478
957857	87490
957857	87500
957857	87510
957857	87514
957857	87523
957857	87527
957857	87531
957857	87539
957857	87546
957857	87550
957857	87555
957857	87566
957857	87578
957857	87587
957857	87593
957857	87598
957857	87606
957857	87611
957857	87618
957857	87625
957857	87629
957857	87634
957857	87646
957857	87655
957857	87660
957857	87668
957857	87673
957857	87685
957857	87692
957857	87703
957857	87708
957857	87717
957857	87730
957857	87745
957857	87750
957857	87755
957857	87759
957857	87766
957857	87770
957857	87778
957857	87789
957857	87794
957857	87798
957857	87809
957857	87815
957857	87823
957857	87827
957857	87835
957857	87840
957857	87845
957857	87849
957857	87858
957857	87871
957857	87878
957857	87887
957857	87898
957857	87903
957857	87907
957857	87912
957857	87920
957857	87930
957857	87934
957857	87939
957857	87955
957857	87961
957857	87966
957857	87971
957857	87983
957857	87993
957857	88005
957857	88020
957857	88028
957857	88033
957857	88041
957857	88047
957857	88055
957857	88064
957857	88079
957857	88093
957857	88106
957857	88115
957857	88167
957857	88172
957857	88181
957857	88189
957857	88201
957857	88208
957857	88219
957857	88231
957857	88241
957857	88252
957857	88260
957857	88265
957857	88275
957857	88282
957857	88292
957857	88299
957857	88307
957857	88317
957857	88326
957857	88331
957857	88338
957857	88344
957857	88353
957857	88358
957857	88364
957857	88372
957857	88377
957857	88385
957857	88389
957857	88398
957851	88409
957851	88418
957851	88424
957851	88434
957851	88442
957851	88468
957851	88472
957851	88485
957851	88496
957851	88501
957851	88508
957851	88513
957851	88518
957851	88527
957851	88532
957851	88541
957851	88546
957851	88552
957851	88563
957851	88569
957851	88575
957851	88595
957851	88601
957851	88608
957851	88613
957851	88619
957851	88623
957851	88627
957851	88634
957851	88639
957851	88644
957851	88656
957851	88681
957851	88700
957851	88718
957851	88738
957851	88746
957851	88751
957851	88758
957851	88765
957851	88773
957851	88779
957851	88783
957851	88796
957851	88803
957851	88808
957851	88813
957851	88817
957851	88827
957851	88841
957851	88846
957851	88852
957851	88858
957851	88863
957851	88869
957851	88874
957851	88878
957851	88886
957851	88892
957851	88900
957851	88905
957851	88910
957851	88916
957851	88922
957851	88927
957851	88936
957851	88945
957851	88949
957851	88954
957851	88958
957851	88969
957851	88981
957851	88987
957851	88997
957851	89001
957851	89018
957851	89027
957851	89035
957851	89046
957851	89054
957851	89063
957851	89071
957851	89076
957851	89088
957851	89094
957851	89100
957851	89107
957851	89115
957851	89119
957851	89167
957851	89171
957851	89180
957851	89185
957851	89190
957851	89200
957851	89210
957851	89217
957851	89228
957851	89233
957851	89241
957851	89247
957851	89253
957851	89259
957851	89263
957851	89268
957851	89272
957851	89279
957851	89284
957851	89291
957851	89297
957851	89301
957851	89305
957851	89315
957851	89342
957851	89377
957851	89394
957856	89438
957856	89486
957856	89518
957856	89536
957856	89561
957856	89568
957856	89576
957856	89589
957856	89595
957856	89608
957856	89641
957856	89649
957856	89658
957856	89684
957856	89699
957856	89717
957856	89729
957856	89736
957856	89752
957856	89758
957856	89762
957856	89768
957856	89777
957856	89781
957856	89789
957856	89794
957856	89799
957856	89804
957856	89812
957856	89819
957856	89826
957856	89830
957856	89861
957856	89933
957856	89954
957856	89971
957856	89995
957856	90004
957856	90011
957856	90015
957856	90019
957856	90029
957856	90037
957856	90042
957856	90046
957856	90050
957856	90054
957856	90063
957856	90068
957856	90076
957856	90084
957856	90091
957856	90096
957856	90102
957856	90109
957856	90119
957856	90125
957856	90172
957856	90183
957856	90190
957856	90202
957856	90210
957856	90217
957856	90222
957856	90227
957856	90238
957856	90244
957856	90248
957856	90253
957856	90258
957856	90268
957856	90280
957856	90291
957856	90299
957856	90305
957856	90311
957856	90315
957856	90324
957856	90330
957856	90336
957856	90340
957856	90354
957856	90360
957856	90365
957856	90370
957856	90378
957856	90390
957856	90399
957853	90405
957853	90412
957853	90419
957853	90425
957853	90430
957853	90439
957853	90463
957853	90482
957853	90496
957853	90504
957853	90510
957853	90515
957853	90520
957853	90529
957853	90534
957853	90550
957853	90559
957853	90566
957853	90573
957853	90577
957853	90588
957853	90603
957853	90609
957853	90613
957853	90617
957853	90626
957853	90635
957853	90641
957853	90648
957853	90653
957853	90658
957853	90681
957853	90689
957853	90694
957853	90702
957853	90713
957853	90722
957853	90726
957853	90737
957853	90749
957853	90754
957853	90760
957853	90766
957853	90770
957853	90775
957853	90783
957853	90791
957853	90796
957853	90801
957853	90813
957853	90817
957853	90829
957853	90833
957853	90843
957853	90848
957853	90858
957853	90864
957853	90873
957853	90877
957853	90903
957853	90910
957853	90915
957853	90925
957853	90935
957853	90939
957853	90947
957853	90952
957853	90956
957853	90966
957853	90985
957853	91013
957853	91020
957853	91050
957853	91058
957853	91065
957853	91071
957853	91077
957853	91089
957853	91096
957853	91106
957853	91111
957853	91117
957853	91124
957853	91170
957853	91174
957853	91180
957853	91185
957853	91189
957853	91193
957853	91203
957853	91207
957853	91214
957853	91220
957853	91225
957853	91233
957853	91239
957853	91248
957853	91253
957853	91260
957853	91266
957853	91271
957853	91278
957853	91284
957853	91290
957853	91295
957853	91299
957853	91307
957853	91313
957853	91319
957853	91323
957853	91328
957853	91337
957853	91341
957853	91352
957853	91357
957853	91362
957853	91366
957853	91370
957853	91378
957853	91385
957853	91397
957858	91403
957858	91409
957858	91413
957858	91423
957858	91433
957858	91437
957858	91441
957858	91450
957858	91454
957858	91461
957858	91470
957858	91476
957858	91487
957858	91495
957858	91499
957858	91507
957858	91513
957858	91519
957858	91528
957858	91534
957858	91541
957858	91546
957858	91550
957858	91560
957858	91565
957858	91573
957858	91577
957858	91582
957858	91590
957858	91597
957858	91605
957858	91610
957858	91620
957858	91625
957858	91639
957858	91649
957858	91654
957858	91658
957858	91668
957858	91674
957858	91681
957858	91687
957858	91691
957858	91698
957858	91702
957858	91708
957858	91715
957858	91721
957858	91726
957858	91737
957858	91743
957858	91748
957858	91753
957858	91758
957858	91765
957858	91769
957858	91776
957858	91782
957858	91790
957858	91799
957858	91803
957858	91810
957858	91814
957858	91821
957858	91827
957858	91832
957858	91852
957858	91861
957858	91866
957858	91870
957858	91876
957858	91880
957858	91897
957858	91906
957858	91916
957858	91920
957858	91931
957858	91940
957858	91953
957858	91961
957858	91965
957858	91970
957858	91977
957858	91996
957858	92003
957858	92015
957858	92019
957858	92023
957858	92030
957858	92036
957858	92044
957858	92048
957858	92056
957858	92065
957858	92073
957858	92077
957858	92081
957858	92088
957858	92092
957858	92098
957858	92103
957858	92110
957858	92114
957858	92120
957858	92125
957858	92170
957858	92174
957858	92182
957858	92186
957858	92191
957858	92198
957858	92203
957858	92208
957858	92218
957858	92222
957858	92232
957858	92239
957858	92247
957858	92256
957858	92265
957858	92270
957858	92274
957858	92281
957858	92286
957858	92298
957858	92305
957858	92310
957858	92316
957858	92320
957858	92329
957858	92340
957858	92344
957858	92352
957858	92356
957858	92360
957858	92368
957858	92375
957858	92379
957858	92389
957858	92394
957850	92404
957850	92409
957850	92422
957850	92432
957850	92437
957850	92441
957850	92464
957850	92492
957850	92504
957850	92514
957850	92519
957850	92524
957850	92529
957850	92533
957850	92542
957850	92546
957850	92551
957850	92555
957850	92572
957850	92578
957850	92583
957850	92595
957850	92603
957850	92607
957850	92612
957850	92621
957850	92627
957850	92634
957850	92641
957850	92652
957850	92657
957850	92662
957850	92686
957850	92701
957850	92714
957850	92720
957850	92730
957850	92741
957850	92748
957850	92754
957850	92760
957850	92765
957850	92769
957850	92778
957850	92785
957850	92794
957850	92799
957850	92803
957850	92807
957850	92814
957850	92825
957850	92830
957850	92838
957850	92842
957850	92852
957850	92857
957850	92863
957850	92867
957850	92871
957850	92877
957850	92882
957850	92890
957850	92899
957850	92903
957850	92908
957850	92916
957850	92921
957850	92926
957850	92936
957850	92942
957850	92949
957850	92954
957850	92959
957850	92966
957850	92970
957850	92976
957850	92988
957850	92997
957850	93004
957850	93009
957850	93017
957850	93021
957850	93034
957850	93041
957850	93047
957850	93052
957850	93058
957850	93063
957850	93068
957850	93073
957850	93084
957850	93091
957850	93098
957850	93105
957850	93110
957850	93119
957850	93123
957850	93173
957850	93183
957850	93189
957850	93194
957850	93202
957850	93209
957850	93214
957850	93219
957850	93223
957850	93227
957850	93237
957850	93247
957850	93251
957850	93257
957850	93265
957850	93270
957850	93274
957850	93281
957850	93288
957850	93295
957850	93300
957850	93307
957850	93315
957850	93324
957850	93328
957850	93334
957850	93342
957850	93346
957850	93352
957850	93356
957850	93365
957850	93372
957850	93378
957850	93388
957850	93399
957853	93406
957853	93414
957853	93419
957853	93424
957853	93428
957853	93436
957853	93440
957853	93446
957853	93458
957853	93468
957853	93473
957853	93484
957853	93492
957853	93498
957853	93502
957853	93510
957853	93516
957853	93526
957853	93532
957853	93537
957853	93544
957853	93549
957853	93554
957853	93559
957853	93571
957853	93576
957853	93581
957853	93586
957853	93595
957853	93604
957853	93609
957853	93617
957853	93622
957853	93628
957853	93632
957853	93636
957853	93648
957853	93652
957853	93657
957853	93666
957853	93673
957853	93685
957853	93690
957853	93699
957853	93704
957853	93720
957853	93735
957853	93745
957853	93749
957853	93753
957853	93757
957853	93766
957853	93774
957853	93782
957853	93789
957853	93794
957853	93798
957853	93803
957853	93810
957853	93816
957853	93822
957853	93828
957853	93832
957853	93842
957853	93851
957853	93858
957853	93864
957853	93872
957853	93876
957853	93885
957853	93889
957853	93894
957853	93903
957853	93907
957853	93912
957853	93921
957853	93938
957853	93947
957853	93951
957853	93956
957853	93960
957853	93968
957853	93973
957853	93990
957853	94000
957853	94005
957853	94016
957853	94024
957853	94032
957853	94039
957853	94044
957853	94049
957853	94054
957853	94060
957853	94064
957853	94069
957853	94074
957853	94078
957853	94086
957853	94090
957853	94095
957853	94103
957853	94107
957853	94112
957853	94119
957853	94124
957853	94176
957853	94185
957853	94192
957853	94201
957853	94205
957853	94209
957853	94214
957853	94219
957853	94229
957853	94235
957853	94244
957853	94250
957853	94254
957853	94261
957853	94266
957853	94270
957853	94274
957853	94282
957853	94291
957853	94296
957853	94301
957853	94305
957853	94312
957853	94320
957853	94324
957853	94330
957853	94339
957853	94346
957853	94355
957853	94360
957853	94369
957853	94374
957853	94379
957853	94384
957853	94391
957853	94400
957853	94405
957853	94409
957853	94418
957853	94423
957853	94436
957853	94441
957853	94445
957853	94470
957853	94474
957853	94479
957853	94495
957853	94500
957853	94506
957853	94512
957853	94517
957853	94521
957853	94525
957853	94533
957853	94537
957853	94546
957853	94558
957853	94571
957853	94576
957853	94590
957853	94597
957853	94607
957853	94613
957853	94621
957853	94633
957853	94651
957853	94663
957853	94693
957853	94714
957853	94722
957853	94728
957853	94741
957853	94745
957853	94749
957853	94754
957853	94758
957853	94764
957853	94768
957853	94775
957853	94779
957853	94789
957853	94796
957853	94806
957853	94810
957853	94814
957853	94821
957853	94827
957853	94832
957853	94839
957853	94844
957853	94853
957853	94861
957853	94868
957853	94873
957853	94878
957853	94886
957853	94891
957853	94897
957853	94905
957853	94909
957853	94920
957853	94925
957853	94931
957853	94937
957853	94941
957853	94949
957853	94953
957853	94958
957853	94970
957853	94990
957853	95000
957853	95009
957853	95014
957853	95019
957853	95026
957853	95032
957853	95040
957853	95047
957853	95051
957853	95064
957853	95073
957853	95078
957853	95087
957853	95091
957853	95097
957853	95103
957853	95109
957853	95116
957853	95125
957853	95174
957853	95184
957853	95195
957853	95202
957853	95206
957853	95215
957853	95223
957853	95231
957853	95238
957853	95244
957853	95248
957853	95253
957853	95257
957853	95264
957853	95277
957853	95284
957853	95291
957853	95297
957853	95301
957853	95307
957853	95311
957853	95317
957853	95321
957853	95325
957853	95337
957853	95342
957853	95346
957853	95354
957853	95359
957853	95368
957853	95371
957853	95376
957853	95383
957853	95390
957853	95397
957853	95403
957853	95409
957853	95418
957853	95426
957853	95435
957853	95440
957853	95452
957853	95464
957853	95471
957853	95475
957853	95483
957853	95495
957853	95501
957853	95505
957853	95509
957853	95521
957853	95528
957853	95532
957853	95541
957853	95544
957853	95548
957853	95556
957853	95564
957853	95575
957853	95579
957853	95583
957853	95599
957853	95608
957853	95613
957853	95616
957853	95623
957853	95628
957853	95632
957853	95635
957853	95644
957853	95649
957853	95654
957853	95659
957853	95668
957853	95673
957853	95681
957853	95685
957853	95698
957853	95705
957853	95711
957853	95719
957853	95731
957853	95741
957853	95748
957853	95752
957853	95763
957853	95769
957853	95777
957853	95785
957853	95793
957853	95798
957853	95805
957853	95812
957853	95819
957853	95829
957853	95839
957853	95845
957853	95849
957853	95855
957853	95859
957853	95864
957853	95869
957853	95877
957853	95886
957853	95891
957853	95898
957853	95912
957853	95916
957853	95922
957853	95926
957853	95937
957853	95942
957853	95952
957853	95958
957853	95962
957853	95971
957853	95981
957853	95987
957853	95995
957853	96000
957853	96007
957853	96014
957853	96021
957853	96027
957853	96032
957853	96040
957853	96049
957853	96056
957853	96061
957853	96066
957853	96074
957853	96078
957853	96087
957853	96097
957853	96104
957853	96109
957853	96114
957853	96122
957853	96171
957853	96180
957853	96186
957853	96191
957853	96201
957853	96208
957853	96214
957853	96220
957853	96229
957853	96236
957853	96243
957853	96249
957853	96262
957853	96270
957853	96278
957853	96285
957853	96291
957853	96295
957853	96300
957853	96307
957853	96311
957853	96315
957853	96325
957853	96330
957853	96337
957853	96344
957853	96352
957853	96358
957853	96363
957853	96368
957853	96374
957853	96378
957853	96386
957853	96390
957853	96396
957859	96400
957859	96405
957859	96409
957859	96416
957859	96421
957859	96426
957859	96434
957859	96439
957859	96458
957859	96469
957859	96481
957859	96488
957859	96498
957859	96503
957859	96510
957859	96516
957859	96526
957859	96539
957859	96546
957859	96553
957859	96569
957859	96579
957859	96583
957859	96590
957859	96594
957859	96600
957859	96606
957859	96610
957859	96616
957859	96620
957859	96627
957859	96631
957859	96639
957859	96645
957859	96649
957859	96656
957859	96661
957859	96667
957859	96673
957859	96678
957859	96687
957859	96692
957859	96706
957859	96710
957859	96714
957859	96722
957859	96728
957859	96741
957859	96748
957859	96756
957859	96762
957859	96768
957859	96774
957859	96784
957859	96792
957859	96796
957859	96801
957859	96808
957859	96815
957859	96821
957859	96827
957859	96831
957859	96843
957859	96849
957859	96857
957859	96861
957859	96869
957859	96873
957859	96878
957859	96891
957859	96898
957859	96903
957859	96907
957859	96912
957859	96915
957859	96923
957859	96931
957859	96938
957859	96942
957859	96948
957859	96953
957859	96960
957859	96965
957859	96971
957859	96980
957859	96987
957859	96993
957859	96998
957859	97003
957859	97008
957859	97016
957859	97021
957859	97028
957859	97033
957859	97042
957859	97047
957859	97051
957859	97057
957859	97061
957859	97066
957859	97074
957859	97079
957859	97084
957859	97095
957859	97099
957859	97108
957859	97177
957859	97181
957859	97190
957859	97200
957859	97205
957859	97209
957859	97215
957859	97220
957859	97230
957859	97237
957859	97248
957859	97252
957859	97259
957859	97263
957859	97267
957859	97272
957859	97275
957859	97281
957859	97285
957859	97294
957859	97305
957859	97309
957859	97316
957859	97323
957859	97326
957859	97329
957859	97337
957859	97340
957859	97345
957859	97349
957859	97358
957859	97362
957859	97370
957859	97375
957859	97379
957859	97383
957859	97392
957859	97399
957859	97404
957859	97407
957859	97412
957859	97418
957859	97422
957859	97429
957859	97434
957859	97439
957859	97448
957859	97458
957859	97478
957859	97497
957859	97505
957859	97510
957859	97515
957859	97518
957859	97525
957859	97529
957859	97533
957859	97541
957859	97545
957859	97549
957859	97556
957859	97561
957859	97565
957859	97569
957859	97577
957859	97581
957859	97590
957859	97593
957859	97598
957859	97603
957859	97607
957859	97612
957859	97618
957859	97623
957859	97627
957859	97635
957859	97643
957859	97650
957859	97654
957859	97658
957859	97666
957859	97674
957859	97680
957859	97683
957859	97688
957859	97691
957859	97699
957859	97706
957859	97715
957859	97719
957859	97732
957859	97741
957859	97747
957859	97750
957859	97755
957859	97759
957859	97768
957859	97776
957859	97782
957859	97786
957859	97792
957859	97796
957859	97799
957859	97806
957859	97812
957859	97815
957859	97820
957859	97826
957859	97830
957859	97837
957859	97842
957859	97847
957859	97853
957859	97859
957859	97865
957859	97875
957859	97882
957859	97889
957859	97896
957859	97904
957859	97909
957859	97914
957859	97919
957859	97924
957859	97932
957859	97940
957859	97948
957859	97952
957859	97958
957859	97962
957859	97969
957859	97976
957859	97986
957859	97995
957859	98002
957859	98011
957859	98017
957859	98024
957859	98027
957859	98033
957859	98040
957859	98044
957859	98049
957859	98054
957859	98063
957859	98071
957859	98076
957859	98081
957859	98091
957859	98101
957859	98107
957859	98111
957859	98116
957859	98121
957859	98190
957859	98199
957859	98203
957859	98209
957859	98220
957859	98227
957859	98235
957859	98243
957859	98248
957859	98253
957859	98258
957859	98265
957859	98269
957859	98277
957859	98284
957859	98292
957859	98297
957859	98301
957859	98309
957859	98315
957859	98320
957859	98324
957859	98329
957859	98332
957859	98340
957859	98346
957859	98352
957859	98359
957859	98368
957859	98374
957859	98379
957859	98383
957859	98392
957859	98403
957846	98410
957846	98427
957846	98433
957846	98438
957846	98443
957846	98451
957846	98476
957846	98480
957846	98494
957846	98500
957846	98509
957846	98513
957846	98518
957846	98525
957846	98529
957846	98534
957846	98542
957846	98547
957846	98551
957846	98556
957846	98570
957846	98575
957846	98580
957846	98589
957846	98594
957846	98603
957846	98608
957846	98613
957846	98621
957846	98626
957846	98640
957846	98649
957846	98654
957846	98665
957846	98672
957846	98680
957846	98696
957846	98706
957846	98747
957846	98753
957846	98759
957846	98763
957846	98768
957846	98777
957846	98782
957846	98789
957846	98796
957846	98805
957846	98812
957846	98819
957846	98825
957846	98831
957846	98835
957846	98845
957846	98850
957846	98859
957846	98863
957846	98868
957846	98872
957846	98880
957846	98884
957846	98891
957846	98899
957846	98903
957846	98909
957846	98917
957846	98922
957846	98926
957846	98935
957846	98943
957846	98948
957846	98953
957846	98958
957846	98962
957846	98969
957846	98973
957846	98983
957846	98995
957846	99001
957846	99005
957846	99013
957846	99018
957846	99026
957846	99032
957846	99039
957846	99045
957846	99052
957846	99060
957846	99067
957846	99077
957846	99085
957846	99093
957846	99098
957846	99102
957846	99109
957846	99113
957846	99121
957846	99182
957846	99190
957846	99197
957846	99203
957846	99211
957846	99216
957846	99220
957846	99232
957846	99245
957846	99250
957846	99254
957846	99261
957846	99267
957846	99271
957846	99277
957846	99281
957846	99286
957846	99298
957846	99304
957846	99310
957846	99314
957846	99318
957846	99327
957846	99341
957846	99347
957846	99351
957846	99359
957846	99363
957846	99370
957846	99375
957846	99379
957846	99387
957846	99392
957846	99399
957858	99404
957858	99409
957858	99417
957858	99422
957858	99427
957858	99431
957858	99437
957858	99446
957858	99451
957858	99459
957858	99466
957858	99473
957858	99483
957858	99491
957858	99499
957858	99503
957858	99513
957858	99517
957858	99523
957858	99530
957858	99536
957858	99544
957858	99548
957858	99557
957858	99565
957858	99581
957858	99587
957858	99592
957858	99601
957858	99606
957858	99613
957858	99617
957858	99626
957858	99630
957858	99639
957858	99648
957858	99656
957858	99666
957858	99677
957858	99688
957858	99696
957858	99701
957858	99707
957858	99712
957858	99722
957858	99739
957858	99745
957858	99750
957858	99755
957858	99762
957858	99766
957858	99770
957858	99775
957858	99782
957858	99787
957858	99795
957858	99804
957858	99810
957858	99814
957858	99818
957858	99827
957858	99831
957858	99841
957858	99846
957858	99852
957858	99859
957858	99863
957858	99870
957858	99875
957858	99879
957858	99883
957858	99892
957858	99899
957858	99904
957858	99909
957858	99919
957858	99930
957858	99935
957858	99939
957858	99944
957858	99960
957858	99970
957858	99983
957858	99993
957858	99998
957858	100002
957858	100007
957858	100015
957858	100020
957858	100025
957858	100035
957858	100045
957858	100049
957858	100055
957858	100072
957858	100078
957858	100082
957858	100090
957858	100101
957858	100107
957858	100112
957858	100117
957858	100122
957858	100171
957858	100181
957858	100186
957858	100190
957858	100199
957858	100204
957858	100210
957858	100217
957858	100222
957858	100228
957858	100239
957858	100247
957858	100252
957858	100262
957858	100268
957858	100277
957858	100285
957858	100294
957858	100298
957858	100303
957858	100307
957858	100320
957858	100325
957858	100330
957858	100337
957858	100342
957858	100346
957858	100350
957858	100360
957858	100370
957858	100375
957858	100379
957858	100388
957858	100394
957858	100401
957854	100405
957854	100410
957854	100414
957854	100421
957854	100425
957854	100433
957854	100437
957854	100442
957854	100446
957854	100452
957854	100483
957854	100495
957854	100501
957854	100505
957854	100512
957854	100516
957854	100523
957854	100528
957854	100532
957854	100541
957854	100546
957854	100552
957854	100559
957854	100565
957854	100569
957854	100577
957854	100588
957854	100596
957854	100603
957854	100609
957854	100617
957854	100622
957854	100629
957854	100637
957854	100643
957854	100650
957854	100654
957854	100658
957854	100670
957854	100680
957854	100685
957854	100699
957854	100705
957854	100715
957854	100722
957854	100729
957854	100740
957854	100746
957854	100751
957854	100755
957854	100761
957854	100768
957854	100773
957854	100779
957854	100784
957854	100792
957854	100799
957854	100804
957854	100809
957854	100816
957854	100820
957854	100829
957854	100843
957854	100852
957854	100856
957854	100861
957854	100865
957854	100871
957854	100880
957854	100884
957854	100895
957854	100904
957854	100909
957854	100913
957854	100920
957854	100924
957854	100929
957854	100938
957854	100949
957854	100953
957854	100957
957854	100965
957854	100970
957854	100982
957854	100990
957854	100999
957854	101003
957854	101009
957854	101014
957854	101018
957854	101024
957854	101030
957854	101035
957854	101042
957854	101046
957854	101050
957854	101053
957854	101057
957854	101070
957854	101078
957854	101084
957854	101095
957854	101100
957854	101105
957854	101114
957854	101120
957854	101125
957854	101171
957854	101175
957854	101184
957854	101189
957854	101199
957854	101205
957854	101214
957854	101225
957854	101235
957854	101246
957854	101250
957854	101255
957854	101259
957854	101268
957854	101275
957854	101281
957854	101289
957854	101295
957854	101299
957854	101308
957854	101314
957854	101321
957854	101326
957854	101331
957854	101340
957854	101345
957854	101349
957854	101358
957854	101368
957854	101373
957854	101379
957854	101383
957854	101392
957854	101399
957855	101403
957855	101408
957855	101417
957855	101423
957855	101438
957855	101449
957855	101464
957855	101470
957855	101477
957855	101493
957855	101497
957855	101502
957855	101506
957855	101512
957855	101525
957855	101537
957855	101543
957855	101547
957855	101552
957855	101560
957855	101565
957855	101569
957855	101581
957855	101591
957855	101600
957855	101606
957855	101611
957855	101615
957855	101623
957855	101628
957855	101636
957855	101641
957855	101648
957855	101655
957855	101661
957855	101672
957855	101685
957855	101690
957855	101698
957855	101703
957855	101708
957855	101719
957855	101725
957855	101735
957855	101743
957855	101748
957855	101752
957855	101759
957855	101763
957855	101768
957855	101772
957855	101780
957855	101789
957855	101794
957855	101799
957855	101804
957855	101814
957855	101821
957855	101827
957855	101832
957855	101840
957855	101847
957855	101853
957855	101859
957855	101867
957855	101871
957855	101876
957855	101880
957855	101885
957855	101900
957855	101905
957855	101909
957855	101917
957855	101923
957855	101930
957855	101934
957855	101938
957855	101943
957855	101949
957855	101960
957855	101966
957855	101972
957855	101976
957855	101988
957855	101997
957855	102001
957855	102009
957855	102017
957855	102025
957855	102031
957855	102037
957855	102044
957855	102049
957855	102058
957855	102064
957855	102070
957855	102075
957855	102081
957855	102090
957855	102100
957855	102106
957855	102111
957855	102119
957855	102124
957855	102172
957855	102179
957855	102185
957855	102190
957855	102195
957855	102203
957855	102210
957855	102216
957855	102220
957855	102230
957855	102236
957855	102244
957855	102250
957855	102259
957855	102263
957855	102268
957855	102275
957855	102279
957855	102284
957855	102293
957855	102300
957855	102306
957855	102310
957855	102315
957855	102320
957855	102329
957855	102339
957855	102344
957855	102354
957855	102360
957855	102367
957855	102371
957855	102376
957855	102380
957855	102387
957855	102393
957855	102399
957856	102405
957856	102409
957856	102419
957856	102425
957856	102434
957856	102438
957856	102442
957856	102448
957856	102475
957856	102492
957856	102499
957856	102504
957856	102510
957856	102514
957856	102519
957856	102523
957856	102530
957856	102535
957856	102541
957856	102545
957856	102549
957856	102562
957856	102572
957856	102577
957856	102581
957856	102591
957856	102601
957856	102606
957856	102611
957856	102619
957856	102623
957856	102627
957856	102633
957856	102637
957856	102642
957856	102646
957856	102655
957856	102662
957856	102668
957856	102674
957856	102684
957856	102690
957856	102697
957856	102706
957856	102711
957856	102721
957856	102735
957856	102743
957856	102747
957856	102752
957856	102757
957856	102772
957856	102784
957856	102793
957856	102801
957856	102809
957856	102813
957856	102817
957856	102821
957856	102840
957856	102846
957856	102856
957856	102861
957856	102869
957856	102874
957856	102878
957856	102888
957856	102892
957856	102901
957856	102905
957856	102911
957856	102922
957856	102933
957856	102938
957856	102946
957856	102951
957856	102956
957856	102962
957856	102968
957856	102976
957856	102985
957856	102992
957856	102997
957856	103002
957856	103006
957856	103015
957856	103019
957856	103027
957856	103032
957856	103041
957856	103044
957856	103049
957856	103053
957856	103057
957856	103064
957856	103071
957856	103076
957856	103082
957856	103093
957856	103102
957856	103107
957856	103111
957856	103122
957856	103182
957856	103189
957856	103193
957856	103201
957856	103205
957856	103212
957856	103218
957856	103225
957856	103234
957856	103243
957856	103249
957856	103261
957856	103266
957856	103273
957856	103277
957856	103284
957856	103291
957856	103295
957856	103300
957856	103306
957856	103311
957856	103319
957856	103325
957856	103329
957856	103341
957856	103346
957856	103352
957856	103356
957856	103362
957856	103369
957856	103383
957856	103403
957857	103412
957857	103420
957857	103429
957857	103439
957857	103448
957857	103455
957857	103466
957857	103487
957857	103500
957857	103505
957857	103513
957857	103521
957857	103527
957857	103532
957857	103537
957857	103544
957857	103551
957857	103563
957857	103571
957857	103575
957857	103578
957857	103586
957857	103591
957857	103596
957857	103603
957857	103610
957857	103621
957857	103628
957857	103635
957857	103652
957857	103688
957857	103697
957857	103703
957857	103712
957857	103720
957857	103726
957857	103736
957857	103743
957857	103747
957857	103752
957857	103756
957857	103762
957857	103767
957857	103771
957857	103778
957857	103782
957857	103789
957857	103794
957857	103800
957857	103808
957857	103814
957857	103821
957857	103826
957857	103835
957857	103844
957857	103852
957857	103857
957857	103867
957857	103872
957857	103876
957857	103886
957857	103893
957857	103907
957857	103911
957857	103918
957857	103926
957857	103933
957857	103938
957857	103942
957857	103957
957857	103962
957857	103969
957857	103975
957857	103997
957857	104005
957857	104017
957857	104028
957857	104035
957857	104043
957857	104048
957857	104052
957857	104056
957857	104064
957857	104072
957857	104076
957857	104080
957857	104092
957857	104096
957857	104103
957857	104108
957857	104113
957857	104121
957857	104179
957857	104189
957857	104193
957857	104202
957857	104208
957857	104215
957857	104220
957857	104225
957857	104229
957857	104239
957857	104247
957857	104251
957857	104257
957857	104261
957857	104268
957857	104276
957857	104281
957857	104286
957857	104294
957857	104302
957857	104310
957857	104318
957857	104326
957857	104331
957857	104340
957857	104346
957857	104351
957857	104359
957857	104369
957857	104375
957857	104379
957857	104389
957857	104393
957857	104403
957852	104408
957852	104417
957852	104423
957852	104430
957852	104435
957852	104440
957852	104455
957852	104468
957852	104482
957852	104491
957852	104497
957852	104501
957852	104505
957852	104512
957852	104524
957852	104529
957852	104533
957852	104543
957852	104548
957852	104556
957852	104561
957852	104566
957852	104576
957852	104580
957852	104589
957852	104594
957852	104598
957852	104609
957852	104616
957852	104625
957852	104630
957852	104640
957852	104658
957852	104670
957852	104676
957852	104687
957852	104697
957852	104701
957852	104706
957852	104710
957852	104714
957852	104729
957852	104737
957852	104745
957852	104750
957852	104755
957852	104763
957852	104768
957852	104774
957852	104778
957852	104784
957852	104791
957852	104797
957852	104807
957852	104813
957852	104821
957852	104826
957852	104831
957852	104839
957852	104844
957852	104848
957852	104855
957852	104860
957852	104870
957852	104876
957852	104880
957852	104885
957852	104893
957852	104902
957852	104909
957852	104917
957852	104921
957852	104926
957852	104949
957852	104961
957852	104980
957852	104993
957852	104999
957852	105009
957852	105014
957852	105022
957852	105028
957852	105032
957852	105040
957852	105045
957852	105050
957852	105059
957852	105064
957852	105072
957852	105079
957852	105084
957852	105091
957852	105096
957852	105102
957852	105106
957852	105110
957852	105118
957852	105170
957852	105176
957852	105185
957852	105190
957852	105202
957852	105207
957852	105218
957852	105226
957852	105231
957852	105242
957852	105248
957852	105253
957852	105257
957852	105265
957852	105276
957852	105291
957852	105299
957852	105307
957852	105311
957852	105316
957852	105324
957852	105329
957852	105333
957852	105343
957852	105349
957852	105356
957852	105363
957852	105371
957852	105377
957852	105382
957852	105391
957852	105397
957854	105403
957854	105408
957854	105414
957854	105424
957854	105439
957854	105443
957854	105454
957854	105463
957854	105482
957854	105499
957854	105509
957854	105520
957854	105529
957854	105534
957854	105541
957854	105545
957854	105550
957854	105554
957854	105560
957854	105570
957854	105577
957854	105581
957854	105592
957854	105606
957854	105612
957854	105622
957854	105631
957854	105641
957854	105649
957854	105654
957854	105659
957854	105669
957854	105676
957854	105683
957854	105688
957854	105693
957854	105700
957854	105706
957854	105713
957854	105717
957854	105725
957854	105732
957854	105742
957854	105747
957854	105752
957854	105756
957854	105764
957854	105769
957854	105777
957854	105781
957854	105791
957854	105796
957854	105800
957854	105807
957854	105812
957854	105815
957854	105823
957854	105828
957854	105833
957854	105841
957854	105848
957854	105855
957854	105861
957854	105867
957854	105872
957854	105877
957854	105882
957854	105891
957854	105913
957854	105924
957854	105933
957854	105937
957854	105942
957854	105949
957854	105953
957854	105958
957854	105968
957854	105977
957854	105985
957854	105992
957854	105997
957854	106001
957854	106006
957854	106010
957854	106018
957854	106025
957854	106029
957854	106035
957854	106043
957854	106048
957854	106057
957854	106062
957854	106069
957854	106076
957854	106080
957854	106090
957854	106097
957854	106102
957854	106109
957854	106114
957854	106122
957854	106170
957854	106174
957854	106183
957854	106188
957854	106198
957854	106204
957854	106214
957854	106226
957854	106234
957854	106242
957854	106248
957854	106252
957854	106260
957854	106266
957854	106273
957854	106281
957854	106292
957854	106299
957854	106303
957854	106310
957854	106316
957854	106324
957854	106330
957854	106337
957854	106342
957854	106347
957854	106351
957854	106358
957854	106363
957854	106368
957854	106373
957854	106377
957854	106383
957854	106391
957854	106398
957853	106404
957853	106409
957853	106413
957853	106417
957853	106424
957853	106430
957853	106434
957853	106439
957853	106458
957853	106466
957853	106476
957853	106486
957853	106495
957853	106501
957853	106509
957853	106514
957853	106519
957853	106528
957853	106540
957853	106546
957853	106550
957853	106559
957853	106567
957853	106575
957853	106580
957853	106584
957853	106599
957853	106604
957853	106609
957853	106614
957853	106622
957853	106626
957853	106635
957853	106642
957853	106650
957853	106656
957853	106666
957853	106681
957853	106689
957853	106698
957853	106703
957853	106712
957853	106717
957853	106722
957853	106733
957853	106737
957853	106743
957853	106747
957853	106756
957853	106762
957853	106767
957853	106773
957853	106780
957853	106785
957853	106793
957853	106797
957853	106801
957853	106807
957853	106812
957853	106815
957853	106823
957853	106830
957853	106843
957853	106850
957853	106858
957853	106864
957853	106870
957853	106875
957853	106880
957853	106890
957853	106900
957853	106907
957853	106911
957853	106917
957853	106923
957853	106927
957853	106936
957853	106946
957853	106950
957853	106955
957853	106962
957853	106969
957853	106974
957853	106985
957853	106993
957853	106999
957853	107003
957853	107014
957853	107018
957853	107027
957853	107033
957853	107041
957853	107045
957853	107049
957853	107060
957853	107064
957853	107070
957853	107075
957853	107080
957853	107084
957853	107094
957853	107102
957853	107107
957853	107178
957853	107181
957853	107190
957853	107197
957853	107202
957853	107207
957853	107210
957853	107215
957853	107222
957853	107228
957853	107233
957853	107238
957853	107249
957853	107254
957853	107259
957853	107263
957853	107268
957853	107272
957853	107279
957853	107283
957853	107287
957853	107295
957853	107300
957853	107304
957853	107312
957853	107315
957853	107321
957853	107325
957853	107329
957853	107333
957853	107343
957853	107350
957853	107355
957853	107360
957853	107369
957853	107373
957853	107377
957853	107385
957853	107390
957853	107394
957854	107402
957854	107406
957854	107411
957854	107416
957854	107427
957854	107432
957854	107436
957854	107442
957854	107446
957854	107477
957854	107497
957854	107503
957854	107509
957854	107514
957854	107519
957854	107528
957854	107535
957854	107545
957854	107549
957854	107554
957854	107559
957854	107564
957854	107571
957854	107575
957854	107580
957854	107585
957854	107594
957854	107599
957854	107609
957854	107613
957854	107618
957854	107624
957854	107629
957854	107633
957854	107646
957854	107652
957854	107657
957854	107684
957854	107714
957854	107721
957854	107737
957854	107750
957854	107754
957854	107762
957854	107766
957854	107770
957854	107778
957854	107784
957854	107791
957854	107795
957854	107801
957854	107813
957854	107820
957854	107825
957854	107830
957854	107838
957854	107842
957854	107846
957854	107850
957854	107855
957854	107867
957854	107872
957854	107878
957854	107882
957854	107889
957854	107893
957854	107899
957854	107904
957854	107910
957854	107914
957854	107921
957854	107931
957854	107935
957854	107939
957854	107950
957854	107955
957854	107962
957854	107966
957854	107971
957854	107980
957854	107986
957854	107993
957854	107998
957854	108002
957854	108006
957854	108013
957854	108018
957854	108022
957854	108031
957854	108037
957854	108045
957854	108049
957854	108061
957854	108066
957854	108071
957854	108079
957854	108088
957854	108101
957854	108109
957854	108114
957854	108121
957854	108174
957854	108181
957854	108185
957854	108190
957854	108197
957854	108202
957854	108211
957854	108220
957854	108231
957854	108238
957854	108248
957854	108253
957854	108262
957854	108267
957854	108272
957854	108278
957854	108284
957854	108293
957854	108304
957854	108310
957854	108315
957854	108319
957854	108323
957854	108334
957854	108343
957854	108348
957854	108352
957854	108359
957854	108369
957854	108375
957854	108380
957854	108392
957854	108400
957855	108406
957855	108416
957855	108420
957855	108430
957855	108435
957855	108441
957855	108445
957855	108470
957855	108483
957855	108495
957855	108502
957855	108509
957855	108514
957855	108517
957855	108522
957855	108531
957855	108535
957855	108545
957855	108551
957855	108556
957855	108568
957855	108574
957855	108579
957855	108584
957855	108595
957855	108601
957855	108605
957855	108612
957855	108620
957855	108625
957855	108630
957855	108634
957855	108638
957855	108647
957855	108654
957855	108659
957855	108670
957855	108677
957855	108688
957855	108693
957855	108702
957855	108707
957855	108723
957855	108729
957855	108736
957855	108743
957855	108748
957855	108752
957855	108756
957855	108764
957855	108772
957855	108780
957855	108785
957855	108795
957855	108801
957855	108809
957855	108813
957855	108818
957855	108824
957855	108830
957855	108834
957855	108845
957855	108852
957855	108856
957855	108861
957855	108869
957855	108874
957855	108878
957855	108882
957855	108889
957855	108899
957855	108905
957855	108912
957855	108924
957855	108930
957855	108935
957855	108940
957855	108944
957855	108949
957855	108955
957855	108959
957855	108964
957855	108969
957855	108974
957855	108978
957855	108985
957855	108997
957855	109002
957855	109007
957855	109015
957855	109020
957855	109028
957855	109034
957855	109039
957855	109043
957855	109049
957855	109053
957855	109057
957855	109064
957855	109072
957855	109079
957855	109083
957855	109093
957855	109102
957855	109107
957855	109111
957855	109116
957855	109124
957855	109178
957855	109183
957855	109189
957855	109195
957855	109200
957855	109204
957855	109209
957855	109215
957855	109220
957855	109224
957855	109233
957855	109238
957855	109249
957855	109254
957855	109261
957855	109267
957855	109277
957855	109282
957855	109290
957855	109295
957855	109299
957855	109306
957855	109313
957855	109322
957855	109328
957855	109339
957855	109348
957855	109354
957855	109358
957855	109367
957855	109373
957855	109379
957855	109386
957855	109390
957855	109398
957850	109404
957850	109409
957850	109418
957850	109424
957850	109432
957850	109436
957850	109443
957850	109460
957850	109472
957850	109489
957850	109499
957850	109505
957850	109512
957850	109517
957850	109525
957850	109530
957850	109536
957850	109545
957850	109552
957850	109559
957850	109565
957850	109572
957850	109582
957850	109590
957850	109595
957850	109600
957850	109604
957850	109612
957850	109618
957850	109622
957850	109628
957850	109636
957850	109649
957850	109655
957850	109660
957850	109667
957850	109677
957850	109691
957850	109701
957850	109707
957850	109715
957850	109719
957850	109725
957850	109735
957850	109742
957850	109746
957850	109752
957850	109756
957850	109763
957850	109771
957850	109777
957850	109781
957850	109786
957850	109798
957850	109803
957850	109812
957850	109816
957850	109824
957850	109832
957850	109836
957850	109843
957850	109852
957850	109860
957850	109869
957850	109873
957850	109878
957850	109883
957850	109891
957850	109905
957850	109916
957850	109920
957850	109925
957850	109932
957850	109936
957850	109940
957850	109950
957850	109954
957850	109964
957850	109975
957850	109987
957850	109995
957850	110000
957850	110004
957850	110010
957850	110021
957850	110034
957850	110042
957850	110047
957850	110052
957850	110056
957850	110067
957850	110075
957850	110079
957850	110091
957850	110097
957850	110101
957850	110107
957850	110115
957850	110123
957850	110171
957850	110176
957850	110187
957850	110192
957850	110199
957850	110204
957850	110208
957850	110220
957850	110230
957850	110238
957850	110247
957850	110252
957850	110258
957850	110265
957850	110274
957850	110282
957850	110289
957850	110294
957850	110299
957850	110304
957850	110315
957850	110319
957850	110329
957850	110337
957850	110341
957850	110346
957850	110350
957850	110355
957850	110362
957850	110370
957850	110374
957850	110379
957850	110383
957850	110387
957850	110403
957861	110409
957861	110422
957861	110436
957861	110441
957861	110447
957861	110489
957861	110539
957861	110554
957861	110560
957861	110566
957861	110570
957861	110576
957861	110587
957861	110593
957861	110601
957861	110607
957861	110611
957861	110618
957861	110622
957861	110626
957861	110630
957861	110638
957861	110643
957861	110648
957861	110653
957861	110658
957861	110668
957861	110673
957861	110684
957861	110702
957861	110711
957861	110722
957861	110730
957861	110757
957861	110781
957861	110800
957861	110820
957861	110826
957861	110831
957861	110837
957861	110841
957861	110847
957861	110852
957861	110856
957861	110862
957861	110873
957861	110878
957861	110891
957861	110904
957861	110917
957861	110930
957861	110935
957861	110940
957861	110946
957861	110951
957861	110961
957861	110967
957861	110971
957861	110986
957861	110998
957861	111004
957861	111008
957861	111015
957861	111019
957861	111028
957861	111033
957861	111037
957861	111049
957861	111057
957861	111064
957861	111071
957861	111076
957861	111082
957861	111088
957861	111096
957861	111105
957861	111110
957861	111118
957861	111122
957861	111183
957861	111192
957861	111203
957861	111208
957861	111218
957861	111223
957861	111236
957861	111243
957861	111247
957861	111253
957861	111257
957861	111264
957861	111274
957861	111278
957861	111284
957861	111292
957861	111297
957861	111303
957861	111309
957861	111316
957861	111320
957861	111329
957861	111336
957861	111340
957861	111345
957861	111349
957861	111358
957861	111362
957861	111368
957861	111374
957861	111379
957861	111386
957861	111392
957861	111401
957854	111405
957854	111409
957854	111417
957854	111423
957854	111427
957854	111439
957854	111449
957854	111458
957854	111469
957854	111485
957854	111495
957854	111501
957854	111509
957854	111515
957854	111520
957854	111528
957854	111537
957854	111544
957854	111557
957854	111569
957854	111578
957854	111591
957854	111596
957854	111602
957854	111606
957854	111610
957854	111618
957854	111622
957854	111627
957854	111634
957854	111639
957854	111643
957854	111654
957854	111658
957854	111665
957854	111670
957854	111675
957854	111679
957854	111683
957854	111696
957854	111702
957854	111706
957854	111711
957854	111719
957854	111723
957854	111730
957854	111735
957854	111743
957854	111748
957854	111753
957854	111757
957854	111764
957854	111769
957854	111773
957854	111789
957854	111797
957854	111805
957854	111812
957854	111821
957854	111827
957854	111831
957854	111839
957854	111845
957854	111851
957854	111856
957854	111860
957854	111871
957854	111900
957854	111922
957854	111961
957854	111996
957854	112007
957854	112022
957854	112029
957854	112044
957854	112056
957854	112061
957854	112067
957854	112076
957854	112091
957854	112114
957854	112180
957854	112217
957854	112239
957854	112251
957854	112257
957854	112262
957854	112267
957854	112274
957854	112281
957854	112290
957854	112296
957854	112307
957854	112342
957854	112352
957854	112362
957854	112371
957854	112389
957854	112398
957860	112404
957860	112410
957860	112416
957860	112423
957860	112428
957860	112433
957860	112446
957860	112482
957860	112492
957860	112508
957860	112532
957860	112546
957860	112550
957860	112555
957860	112559
957860	112563
957860	112571
957860	112576
957860	112584
957860	112593
957860	112602
957860	112606
957860	112611
957860	112623
957860	112632
957860	112647
957860	112653
957860	112658
957860	112680
957860	112699
957860	112705
957860	112711
957860	112721
957860	112741
957860	112747
957860	112752
957860	112756
957860	112762
957860	112776
957860	112783
957860	112789
957860	112794
957860	112798
957860	112803
957860	112807
957860	112819
957860	112825
957860	112829
957860	112835
957860	112842
957860	112847
957860	112854
957860	112858
957860	112863
957860	112869
957860	112873
957860	112878
957860	112883
957860	112890
957860	112903
957860	112909
957860	112919
957860	112924
957860	112932
957860	112936
957860	112940
957860	112950
957860	112964
957860	112971
957860	112976
957860	112990
957860	112997
957860	113002
957860	113009
957860	113014
957860	113019
957860	113023
957860	113027
957860	113037
957860	113045
957860	113073
957860	113140
957860	113156
957860	113163
957860	113169
957860	113173
957860	113189
957860	113211
957860	113216
957860	113221
957860	113225
957860	113235
957860	113243
957860	113248
957860	113260
957860	113283
957860	113297
957860	113304
957860	113310
957860	113315
957860	113321
957860	113336
957860	113346
957860	113354
957860	113359
957860	113365
957860	113374
957860	113380
957860	113391
957860	113400
957850	113413
957850	113442
957850	113464
957850	113486
957850	113508
957850	113524
957850	113530
957850	113541
957850	113549
957850	113559
957850	113568
957850	113591
957850	113605
957850	113619
957850	113626
957850	113637
957850	113643
957850	113657
957850	113671
957850	113687
957850	113697
957850	113706
957850	113729
957850	113747
957850	113757
957850	113763
957850	113768
957850	113773
957850	113781
957850	113791
957850	113795
957850	113803
957850	113812
957850	113822
957850	113827
957850	113839
957850	113845
957850	113852
957850	113858
957850	113863
957850	113868
957850	113891
957850	113898
957850	113904
957850	113909
957850	113913
957850	113923
957850	113930
957850	113936
957850	113941
957850	113951
957850	113959
957850	113970
957850	113986
957850	113999
957850	114005
957850	114010
957850	114030
957850	114047
957850	114055
957850	114067
957850	114074
957850	114079
957850	114088
957850	114095
957850	114107
957850	114115
957850	114124
957850	114173
957850	114181
957850	114187
957850	114192
957850	114201
957850	114206
957850	114213
957850	114220
957850	114225
957850	114229
957850	114244
957850	114250
957850	114259
957850	114271
957850	114279
957850	114286
957850	114295
957850	114305
957850	114310
957850	114315
957850	114320
957850	114329
957850	114339
957850	114348
957850	114361
957850	114367
957850	114374
957850	114378
957850	114389
957850	114396
957853	114403
957853	114410
957853	114417
957853	114423
957853	114427
957853	114432
957853	114441
957853	114471
957853	114494
957853	114501
957853	114509
957853	114514
957853	114523
957853	114530
957853	114542
957853	114550
957853	114565
957853	114573
957853	114578
957853	114588
957853	114592
957853	114598
957853	114607
957853	114612
957853	114618
957853	114626
957853	114630
957853	114665
957853	114695
957853	114709
957853	114722
957853	114737
957853	114750
957853	114755
957853	114763
957853	114768
957853	114773
957853	114783
957853	114788
957853	114800
957853	114810
957853	114816
957853	114823
957853	114829
957853	114836
957853	114847
957853	114856
957853	114863
957853	114871
957853	114878
957853	114883
957853	114893
957853	114901
957853	114906
957853	114912
957853	114922
957853	114931
957853	114936
957853	114940
957853	114949
957853	114954
957853	114961
957853	114980
957853	114991
957853	114998
957853	115007
957853	115015
957853	115026
957853	115031
957853	115039
957853	115047
957853	115053
957853	115074
957853	115081
957853	115094
957853	115099
957853	115110
957853	115117
957853	115125
957853	115174
957853	115181
957853	115186
957853	115196
957853	115202
957853	115209
957853	115214
957853	115226
957853	115232
957853	115244
957853	115250
957853	115262
957853	115268
957853	115278
957853	115289
957853	115298
957853	115303
957853	115316
957853	115325
957853	115330
957853	115338
957853	115355
957853	115371
957853	115379
957853	115384
957853	115393
957854	115401
957854	115409
957854	115413
957854	115431
957854	115446
957854	115463
957854	115472
957854	115489
957854	115503
957854	115512
957854	115517
957854	115522
957854	115531
957854	115541
957854	115546
957854	115553
957854	115578
957854	115591
957854	115602
957854	115611
957854	115618
957854	115622
957854	115627
957854	115632
957854	115643
957854	115650
957854	115655
957854	115660
957854	115669
957854	115681
957854	115686
957854	115690
957854	115708
957854	115719
957854	115728
957854	115735
957854	115742
957854	115746
957854	115750
957854	115756
957854	115760
957854	115775
957854	115785
957854	115795
957854	115800
957854	115809
957854	115814
957854	115818
957854	115826
957854	115834
957854	115844
957854	115858
957854	115869
957854	115877
957854	115881
957854	115891
957854	115915
957854	115920
957854	115928
957854	115933
957854	115940
957854	115953
957854	115962
957854	115971
957854	115985
957854	115997
957854	116003
957854	116011
957854	116017
957854	116027
957854	116033
957854	116040
957854	116046
957854	116051
957854	116056
957854	116074
957854	116078
957854	116083
957854	116096
957854	116101
957854	116111
957854	116120
957854	116125
957854	116171
957854	116177
957854	116182
957854	116198
957854	116205
957854	116225
957854	116245
957854	116258
957854	116266
957854	116280
957854	116290
957854	116299
957854	116303
957854	116314
957854	116320
957854	116328
957854	116334
957854	116343
957854	116350
957854	116361
957854	116368
957854	116372
957854	116379
957854	116384
957854	116398
957850	116404
957850	116409
957850	116429
957850	116460
957850	116543
957850	116578
957850	116582
957850	116591
957850	116597
957850	116603
957850	116612
957850	116616
957850	116623
957850	116628
957850	116632
957850	116639
957850	116643
957850	116651
957850	116663
957850	116671
957850	116684
957850	116696
957850	116709
957850	116721
957850	116735
957850	116746
957850	116750
957850	116761
957850	116769
957850	116777
957850	116784
957850	116797
957850	116807
957850	116835
957850	116849
957850	116859
957850	116864
957850	116870
957850	116876
957850	116881
957850	116891
957850	116901
957850	116905
957850	116911
957850	116915
957850	116921
957850	116925
957850	116934
957850	116941
957850	116949
957850	116954
957850	116966
957850	117000
957850	117014
957850	117021
957850	117033
957850	117046
957850	117052
957850	117065
957850	117070
957850	117080
957850	117093
957850	117106
957850	117181
957850	117187
957850	117191
957850	117203
957850	117212
957850	117217
957850	117221
957850	117231
957850	117241
957850	117250
957850	117259
957850	117263
957850	117268
957850	117272
957850	117280
957850	117285
957850	117295
957850	117302
957850	117307
957850	117314
957850	117320
957850	117325
957850	117329
957850	117332
957850	117336
957850	117348
957850	117354
957850	117359
957850	117369
957850	117372
957850	117378
957850	117382
957850	117392
957850	117404
957860	117408
957860	117418
957860	117432
957860	117438
957860	117455
957860	117472
957860	117510
957860	117518
957860	117522
957860	117530
957860	117539
957860	117545
957860	117549
957860	117556
957860	117563
957860	117572
957860	117578
957860	117582
957860	117590
957860	117594
957860	117601
957860	117605
957860	117613
957860	117616
957860	117625
957860	117635
957860	117638
957860	117643
957860	117647
957860	117654
957860	117659
957860	117666
957860	117673
957860	117687
957860	117698
957860	117706
957860	117716
957860	117725
957860	117736
957860	117748
957860	117753
957860	117758
957860	117766
957860	117770
957860	117793
957860	117799
957860	117806
957860	117812
957860	117816
957860	117820
957860	117829
957860	117839
957860	117844
957860	117848
957860	117853
957860	117863
957860	117870
957860	117876
957860	117887
957860	117893
957860	117905
957860	117920
957860	117930
957860	117936
957860	117948
957860	117958
957860	117966
957860	117983
957860	118002
957860	118007
957860	118016
957860	118024
957860	118032
957860	118040
957860	118045
957860	118050
957860	118055
957860	118064
957860	118070
957860	118075
957860	118089
957860	118102
957860	118108
957860	118114
957860	118118
957860	118126
957860	118186
957860	118194
957860	118202
957860	118207
957860	118220
957860	118232
957860	118245
957860	118253
957860	118262
957860	118267
957860	118274
957860	118284
957860	118298
957860	118309
957860	118317
957860	118325
957860	118330
957860	118338
957860	118343
957860	118348
957860	118352
957860	118366
957860	118373
957860	118389
957860	118399
957853	118407
957853	118418
957853	118423
957853	118434
957853	118440
957853	118474
957853	118491
957853	118499
957853	118503
957853	118506
957853	118515
957853	118521
957853	118528
957853	118535
957853	118547
957853	118552
957853	118559
957853	118564
957853	118570
957853	118575
957853	118590
957853	118595
957853	118600
957853	118604
957853	118618
957853	118624
957853	118628
957853	118639
957853	118649
957853	118653
957853	118658
957853	118667
957853	118692
957853	118719
957853	118736
957853	118747
957853	118752
957853	118758
957853	118766
957853	118771
957853	118779
957853	118785
957853	118794
957853	118800
957853	118804
957853	118809
957853	118824
957853	118827
957853	118832
957853	118844
957853	118856
957853	118867
957853	118874
957853	118879
957853	118891
957853	118906
957853	118917
957853	118924
957853	118937
957853	118948
957853	118955
957853	118968
957853	118987
957853	119002
957853	119011
957853	119016
957853	119020
957853	119037
957853	119041
957853	119046
957853	119050
957853	119055
957853	119059
957853	119064
957853	119069
957853	119085
957853	119090
957853	119098
957853	119105
957853	119110
957853	119115
957853	119119
957853	119123
957853	119170
957853	119175
957853	119180
957853	119185
957853	119189
957853	119194
957853	119199
957853	119204
957853	119208
957853	119212
957853	119218
957853	119236
957853	119246
957853	119251
957853	119256
957853	119267
957853	119275
957853	119284
957853	119291
957853	119297
957853	119302
957853	119306
957853	119315
957853	119320
957853	119326
957853	119338
957853	119348
957853	119356
957853	119360
957853	119366
957853	119371
957853	119376
957853	119381
957853	119388
957853	119396
957851	119403
957851	119408
957851	119417
957851	119422
957851	119434
957851	119442
957851	119453
957851	119464
957851	119473
957851	119492
957851	119502
957851	119515
957851	119519
957851	119526
957851	119535
957851	119546
957851	119552
957851	119562
957851	119572
957851	119577
957851	119583
957851	119592
957851	119603
957851	119607
957851	119612
957851	119617
957851	119628
957851	119643
957851	119652
957851	119665
957851	119682
957851	119690
957851	119699
957851	119707
957851	119716
957851	119720
957851	119725
957851	119735
957851	119744
957851	119752
957851	119756
957851	119764
957851	119774
957851	119781
957851	119786
957851	119794
957851	119802
957851	119811
957851	119818
957851	119823
957851	119831
957851	119847
957851	119859
957851	119867
957851	119874
957851	119881
957851	119888
957851	119892
957851	119902
957851	119907
957851	119919
957851	119925
957851	119938
957851	119942
957851	119948
957851	119971
957851	119977
957851	119992
957851	120001
957851	120005
957851	120010
957851	120023
957851	120031
957851	120040
957851	120057
957851	120068
957851	120075
957851	120084
957851	120093
957851	120105
957851	120109
957851	120115
957851	120123
957851	120184
957851	120190
957851	120201
957851	120206
957851	120217
957851	120221
957851	120233
957851	120243
957851	120251
957851	120257
957851	120270
957851	120282
957851	120290
957851	120294
957851	120300
957851	120304
957851	120312
957851	120326
957851	120339
957851	120344
957851	120354
957851	120359
957851	120365
957851	120369
957851	120377
957851	120381
957851	120391
957851	120401
957863	120407
957863	120412
957863	120424
957863	120428
957863	120460
957863	120471
957863	120493
957863	120501
957863	120505
957863	120512
957863	120517
957863	120526
957863	120535
957863	120544
957863	120550
957863	120562
957863	120572
957863	120577
957863	120583
957863	120601
957863	120616
957863	120623
957863	120627
957863	120635
957863	120640
957863	120650
957863	120658
957863	120693
957863	120724
957863	120739
957863	120757
957863	120766
957863	120777
957863	120783
957863	120792
957863	120798
957863	120804
957863	120813
957863	120818
957863	120827
957863	120833
957863	120837
957863	120846
957863	120860
957863	120869
957863	120875
957863	120888
957863	120894
957863	120904
957863	120910
957863	120917
957863	120922
957863	120935
957863	120941
957863	120949
957863	120955
957863	120959
957863	120971
957863	120986
957863	120995
957863	121002
957863	121011
957863	121020
957863	121030
957863	121038
957863	121046
957863	121053
957863	121058
957863	121073
957863	121079
957863	121089
957863	121095
957863	121123
957863	121182
957863	121190
957863	121199
957863	121204
957863	121211
957863	121219
957863	121223
957863	121233
957863	121245
957863	121251
957863	121256
957863	121263
957863	121271
957863	121279
957863	121285
957863	121291
957863	121296
957863	121305
957863	121316
957863	121321
957863	121327
957863	121336
957863	121342
957863	121347
957863	121352
957863	121356
957863	121368
957863	121374
957863	121380
957863	121388
957863	121396
957856	121404
957856	121410
957856	121420
957856	121425
957856	121435
957856	121440
957856	121452
957856	121468
957856	121474
957856	121479
957856	121492
957856	121500
957856	121507
957856	121516
957856	121536
957856	121546
957856	121557
957856	121569
957856	121577
957856	121583
957856	121593
957856	121598
957856	121606
957856	121610
957856	121618
957856	121623
957856	121628
957856	121639
957856	121643
957856	121652
957856	121659
957856	121674
957856	121680
957856	121689
957856	121693
957856	121707
957856	121716
957856	121724
957856	121728
957856	121747
957856	121753
957856	121762
957856	121769
957856	121777
957856	121782
957856	121789
957856	121793
957856	121799
957856	121806
957856	121813
957856	121822
957856	121827
957856	121834
957856	121846
957856	121856
957856	121861
957856	121873
957856	121891
957856	121900
957856	121906
957856	121911
957856	121916
957856	121923
957856	121927
957856	121938
957856	121946
957856	121953
957856	121964
957856	121972
957856	121987
957856	121992
957856	121998
957856	122009
957856	122022
957856	122027
957856	122031
957856	122037
957856	122046
957856	122052
957856	122068
957856	122078
957856	122087
957856	122091
957856	122097
957856	122106
957856	122110
957856	122120
957856	122176
957856	122186
957856	122191
957856	122200
957856	122205
957856	122215
957856	122225
957856	122234
957856	122244
957856	122250
957856	122256
957856	122260
957856	122273
957856	122281
957856	122286
957856	122298
957856	122309
957856	122318
957856	122326
957856	122330
957856	122339
957856	122346
957856	122355
957856	122360
957856	122367
957856	122372
957856	122377
957856	122392
957850	122401
957850	122407
957850	122411
957850	122420
957850	122426
957850	122439
957850	122445
957850	122474
957850	122502
957850	122512
957850	122518
957850	122525
957850	122530
957850	122540
957850	122545
957850	122551
957850	122558
957850	122565
957850	122574
957850	122580
957850	122589
957850	122596
957850	122609
957850	122614
957850	122624
957850	122629
957850	122642
957850	122653
957850	122659
957850	122667
957850	122672
957850	122687
957850	122694
957850	122708
957850	122729
957850	122742
957850	122747
957850	122753
957850	122758
957850	122767
957850	122778
957850	122791
957850	122797
957850	122807
957850	122812
957850	122819
957850	122826
957850	122831
957850	122844
957850	122853
957850	122858
957850	122862
957850	122871
957850	122876
957850	122881
957850	122894
957850	122900
957850	122905
957850	122910
957850	122914
957850	122924
957850	122931
957850	122935
957850	122941
957850	122946
957850	122955
957850	122963
957850	122970
957850	122974
957850	122980
957850	122999
957850	123009
957850	123015
957850	123024
957850	123031
957850	123042
957850	123047
957850	123057
957850	123066
957850	123077
957850	123083
957850	123102
957850	123108
957850	123115
957850	123125
957850	123171
957850	123176
957850	123181
957850	123190
957850	123194
957850	123204
957850	123209
957850	123214
957850	123226
957850	123233
957850	123241
957850	123247
957850	123253
957850	123261
957850	123266
957850	123275
957850	123281
957850	123293
957850	123300
957850	123309
957850	123313
957850	123321
957850	123330
957850	123341
957850	123348
957850	123356
957850	123362
957850	123366
957850	123376
957850	123387
957850	123395
957853	123405
957853	123414
957853	123422
957853	123428
957853	123432
957853	123443
957853	123452
957853	123466
957853	123478
957853	123510
957853	123524
957853	123529
957853	123534
957853	123543
957853	123547
957853	123559
957853	123566
957853	123574
957853	123579
957853	123584
957853	123595
957853	123605
957853	123613
957853	123621
957853	123627
957853	123632
957853	123641
957853	123649
957853	123655
957853	123659
957853	123669
957853	123678
957853	123703
957853	123708
957853	123721
957853	123729
957853	123736
957853	123743
957853	123747
957853	123752
957853	123757
957853	123766
957853	123774
957853	123778
957853	123783
957853	123791
957853	123795
957853	123801
957853	123808
957853	123813
957853	123818
957853	123829
957853	123839
957853	123844
957853	123849
957853	123858
957853	123862
957853	123870
957853	123874
957853	123879
957853	123883
957853	123890
957853	123900
957853	123907
957853	123911
957853	123918
957853	123925
957853	123933
957853	123939
957853	123943
957853	123956
957853	123961
957853	123968
957853	123984
957853	123994
957853	124001
957853	124016
957853	124021
957853	124030
957853	124038
957853	124045
957853	124050
957853	124057
957853	124062
957853	124074
957853	124078
957853	124082
957853	124089
957853	124096
957853	124106
957853	124111
957853	124118
957853	124124
957853	124187
957853	124200
957853	124212
957853	124217
957853	124223
957853	124232
957853	124242
957853	124249
957853	124259
957853	124263
957853	124267
957853	124277
957853	124282
957853	124286
957853	124293
957853	124299
957853	124303
957853	124312
957853	124316
957853	124327
957853	124332
957853	124341
957853	124346
957853	124351
957853	124359
957853	124364
957853	124371
957853	124378
957853	124386
957853	124394
957861	124402
957861	124408
957861	124412
957861	124417
957861	124424
957861	124431
957861	124438
957861	124464
957861	124472
957861	124482
957861	124487
957861	124493
957861	124497
957861	124502
957861	124512
957861	124517
957861	124523
957861	124541
957861	124546
957861	124551
957861	124560
957861	124566
957861	124574
957861	124578
957861	124588
957861	124594
957861	124600
957861	124609
957861	124615
957861	124619
957861	124623
957861	124632
957861	124636
957861	124646
957861	124654
957861	124660
957861	124677
957861	124698
957861	124724
957861	124741
957861	124747
957861	124753
957861	124760
957861	124764
957861	124769
957861	124774
957861	124782
957861	124786
957861	124793
957861	124798
957861	124809
957861	124813
957861	124820
957861	124825
957861	124829
957861	124840
957861	124847
957861	124853
957861	124858
957861	124862
957861	124868
957861	124873
957861	124878
957861	124894
957861	124901
957861	124907
957861	124915
957861	124920
957861	124924
957861	124928
957861	124935
957861	124942
957861	124949
957861	124955
957861	124966
957861	124971
957861	124980
957861	124987
957861	124994
957861	124998
957861	125002
957861	125009
957861	125015
957861	125020
957861	125032
957861	125039
957861	125043
957861	125048
957861	125058
957861	125067
957861	125075
957861	125080
957861	125085
957861	125094
957861	125099
957861	125106
957861	125110
957861	125118
957861	125124
957861	125175
957861	125185
957861	125191
957861	125200
957861	125206
957861	125215
957861	125225
957861	125233
957861	125249
957861	125257
957861	125263
957861	125275
957861	125281
957861	125286
957861	125295
957861	125298
957861	125302
957861	125311
957861	125316
957861	125327
957861	125331
957861	125339
957861	125345
957861	125349
957861	125357
957861	125361
957861	125367
957861	125377
957861	125381
957861	125388
957861	125396
957839	125403
957839	125408
957839	125412
957839	125419
957839	125424
957839	125430
957839	125435
957839	125440
957839	125450
957839	125462
957839	125468
957839	125473
957839	125485
957839	125495
957839	125499
957839	125504
957839	125513
957839	125517
957839	125521
957839	125530
957839	125536
957839	125545
957839	125549
957839	125563
957839	125573
957839	125578
957839	125595
957839	125605
957839	125611
957839	125615
957839	125619
957839	125627
957839	125631
957839	125638
957839	125642
957839	125649
957839	125654
957839	125658
957839	125686
957839	125700
957839	125714
957839	125725
957839	125737
957839	125746
957839	125751
957839	125761
957839	125765
957839	125771
957839	125775
957839	125783
957839	125793
957839	125801
957839	125808
957839	125812
957839	125817
957839	125822
957839	125834
957839	125839
957839	125844
957839	125848
957839	125852
957839	125859
957839	125867
957839	125871
957839	125877
957839	125881
957839	125889
957839	125910
957839	125919
957839	125932
957839	125940
957839	125946
957839	125950
957839	125955
957839	125962
957839	125966
957839	125971
957839	125975
957839	125986
957839	125997
957839	126002
957839	126010
957839	126016
957839	126020
957839	126028
957839	126032
957839	126037
957839	126047
957839	126053
957839	126057
957839	126062
957839	126069
957839	126076
957839	126080
957839	126088
957839	126094
957839	126104
957839	126109
957839	126114
957839	126119
957839	126123
957839	126170
957839	126175
957839	126180
957839	126189
957839	126198
957839	126204
957839	126213
957839	126222
957839	126230
957839	126236
957839	126247
957839	126251
957839	126259
957839	126263
957839	126268
957839	126273
957839	126282
957839	126296
957839	126301
957839	126307
957839	126313
957839	126320
957839	126327
957839	126337
957839	126344
957839	126353
957839	126358
957839	126362
957839	126367
957839	126376
957839	126380
957839	126392
957839	126400
957864	126405
957864	126410
957864	126414
957864	126420
957864	126435
957864	126441
957864	126458
957864	126467
957864	126473
957864	126486
957864	126496
957864	126501
957864	126506
957864	126515
957864	126520
957864	126530
957864	126535
957864	126546
957864	126550
957864	126557
957864	126562
957864	126568
957864	126580
957864	126584
957864	126597
957864	126601
957864	126605
957864	126612
957864	126620
957864	126626
957864	126637
957864	126643
957864	126651
957864	126655
957864	126666
957864	126671
957864	126677
957864	126685
957864	126690
957864	126700
957864	126705
957864	126714
957864	126719
957864	126723
957864	126733
957864	126737
957864	126747
957864	126751
957864	126756
957864	126766
957864	126777
957864	126783
957864	126790
957864	126795
957864	126799
957864	126803
957864	126807
957864	126818
957864	126823
957864	126827
957864	126832
957864	126846
957864	126851
957864	126855
957864	126866
957864	126872
957864	126877
957864	126881
957864	126891
957864	126901
957864	126907
957864	126915
957864	126919
957864	126924
957864	126929
957864	126933
957864	126940
957864	126950
957864	126955
957864	126959
957864	126964
957864	126969
957864	126973
957864	126994
957864	127004
957864	127013
957864	127018
957864	127024
957864	127029
957864	127033
957864	127047
957864	127057
957864	127063
957864	127073
957864	127077
957864	127083
957864	127093
957864	127104
957864	127182
957864	127185
957864	127195
957864	127201
957864	127204
957864	127210
957864	127217
957864	127220
957864	127224
957864	127227
957864	127231
957864	127247
957864	127251
957864	127256
957864	127266
957864	127270
957864	127277
957864	127283
957864	127292
957864	127298
957864	127303
957864	127312
957864	127318
957864	127328
957864	127338
957864	127343
957864	127349
957864	127353
957864	127366
957864	127371
957864	127375
957864	127381
957864	127399
957855	127405
957855	127417
957855	127429
957855	127435
957855	127439
957855	127444
957855	127448
957855	127460
957855	127490
957855	127502
957855	127508
957855	127512
957855	127517
957855	127521
957855	127525
957855	127534
957855	127545
957855	127550
957855	127562
957855	127571
957855	127575
957855	127580
957855	127584
957855	127596
957855	127605
957855	127612
957855	127618
957855	127625
957855	127629
957855	127637
957855	127645
957855	127654
957855	127660
957855	127671
957855	127681
957855	127687
957855	127692
957855	127702
957855	127708
957855	127714
957855	127718
957855	127724
957855	127732
957855	127741
957855	127747
957855	127753
957855	127771
957855	127779
957855	127784
957855	127792
957855	127796
957855	127800
957855	127808
957855	127823
957855	127830
957855	127834
957855	127841
957855	127848
957855	127854
957855	127858
957855	127863
957855	127868
957855	127875
957855	127879
957855	127886
957855	127890
957855	127902
957855	127905
957855	127916
957855	127920
957855	127924
957855	127929
957855	127957
957855	127970
957855	127974
957855	127995
957855	128001
957855	128006
957855	128016
957855	128024
957855	128034
957855	128043
957855	128048
957855	128058
957855	128070
957855	128075
957855	128079
957855	128084
957855	128098
957855	128107
957855	128117
957855	128121
957855	128126
957855	128185
957855	128191
957855	128200
957855	128206
957855	128215
957855	128220
957855	128225
957855	128234
957855	128245
957855	128252
957855	128257
957855	128268
957855	128272
957855	128279
957855	128284
957855	128291
957855	128299
957855	128306
957855	128312
957855	128317
957855	128321
957855	128330
957855	128343
957855	128350
957855	128359
957855	128372
957855	128378
957855	128387
957855	128391
957855	128403
957857	128408
957857	128413
957857	128420
957857	128425
957857	128434
957857	128439
957857	128443
957857	128472
957857	128487
957857	128494
957857	128499
957857	128504
957857	128510
957857	128518
957857	128528
957857	128534
957857	128543
957857	128549
957857	128553
957857	128557
957857	128566
957857	128574
957857	128579
957857	128588
957857	128596
957857	128606
957857	128610
957857	128620
957857	128630
957857	128638
957857	128644
957857	128649
957857	128657
957857	128668
957857	128676
957857	128686
957857	128701
957857	128709
957857	128733
957857	128744
957857	128757
957857	128771
957857	128777
957857	128781
957857	128787
957857	128797
957857	128801
957857	128811
957857	128817
957857	128821
957857	128829
957857	128839
957857	128847
957857	128853
957857	128859
957857	128865
957857	128874
957857	128882
957857	128887
957857	128891
957857	128900
957857	128905
957857	128909
957857	128917
957857	128922
957857	128933
957857	128943
957857	128958
957857	128971
957857	128977
957857	128987
957857	129008
957857	129025
957857	129037
957857	129044
957857	129050
957857	129054
957857	129060
957857	129072
957857	129077
957857	129088
957857	129093
957857	129102
957857	129106
957857	129111
957857	129116
957857	129120
957857	129174
957857	129178
957857	129188
957857	129196
957857	129200
957857	129206
957857	129210
957857	129217
957857	129227
957857	129236
957857	129242
957857	129247
957857	129251
957857	129257
957857	129262
957857	129270
957857	129274
957857	129280
957857	129289
957857	129295
957857	129300
957857	129305
957857	129315
957857	129322
957857	129326
957857	129334
957857	129342
957857	129350
957857	129354
957857	129360
957857	129368
957857	129372
957857	129376
957857	129381
957857	129385
957857	129396
670807	129401
670807	129405
670807	129413
670807	129420
670807	129424
670807	129435
670807	129445
670807	129469
670807	129473
670807	129486
670807	129493
670807	129500
670807	129508
670807	129513
670807	129519
670807	129522
670807	129535
670807	129544
670807	129550
670807	129558
670807	129562
670807	129571
670807	129576
670807	129580
670807	129590
670807	129594
670807	129601
670807	129605
670807	129611
670807	129620
670807	129635
670807	129668
670807	129686
670807	129690
670807	129698
670807	129703
670807	129717
670807	129722
670807	129732
670807	129740
670807	129746
670807	129752
670807	129756
670807	129761
670807	129768
670807	129771
670807	129777
670807	129783
670807	129794
670807	129799
670807	129803
670807	129813
670807	129822
670807	129827
670807	129836
670807	129841
670807	129845
670807	129855
670807	129860
670807	129868
670807	129873
670807	129879
670807	129888
670807	129899
670807	129906
670807	129913
670807	129920
670807	129928
670807	129936
670807	129946
670807	129952
670807	129956
670807	129962
670807	129970
670807	129982
670807	129991
670807	130000
670807	130004
670807	130013
670807	130017
670807	130024
670807	130029
670807	130042
670807	130049
670807	130055
670807	130065
670807	130073
670807	130078
670807	130082
670807	130090
670807	130096
670807	130105
670807	130112
670807	130120
670807	130125
670807	130174
670807	130184
670807	130191
670807	130199
670807	130204
670807	130209
670807	130213
670807	130225
670807	130233
670807	130241
670807	130246
670807	130252
670807	130257
670807	130261
670807	130268
670807	130282
670807	130291
670807	130295
670807	130301
670807	130310
670807	130320
670807	130324
670807	130328
670807	130338
670807	130343
670807	130348
670807	130354
670807	130358
670807	130362
670807	130370
670807	130374
670807	130378
670807	130389
670807	130399
858980	130404
858980	130411
858980	130418
858980	130422
858980	130427
858980	130435
858980	130440
858980	130445
858980	130475
858980	130496
858980	130505
858980	130509
858980	130520
858980	130524
858980	130531
858980	130536
858980	130544
858980	130549
858980	130557
858980	130570
858980	130576
858980	130591
858980	130605
858980	130617
858980	130627
858980	130636
858980	130641
858980	130646
858980	130652
858980	130657
858980	130670
858980	130680
858980	130686
858980	130690
858980	130698
858980	130705
858980	130718
858980	130730
858980	130737
858980	130744
858980	130749
858980	130753
858980	130760
858980	130766
858980	130777
858980	130783
858980	130794
858980	130798
858980	130805
858980	130811
858980	130817
858980	130826
858980	130838
858980	130842
858980	130852
858980	130857
858980	130862
858980	130867
858980	130871
858980	130878
858980	130890
858980	130904
858980	130911
858980	130919
858980	130924
858980	130929
858980	130938
858980	130945
858980	130951
858980	130955
858980	130964
858980	130971
858980	130991
858980	130998
858980	131005
858980	131010
858980	131021
858980	131027
858980	131034
858980	131044
858980	131050
858980	131057
858980	131071
858980	131076
858980	131081
858980	131089
858980	131093
858980	131104
858980	131110
858980	131120
858980	131124
858980	131183
858980	131193
858980	131203
858980	131211
858980	131223
858980	131227
858980	131236
858980	131242
858980	131246
858980	131253
858980	131260
858980	131266
858980	131271
858980	131275
858980	131283
858980	131288
858980	131295
858980	131298
858980	131305
858980	131309
858980	131314
858980	131318
858980	131326
858980	131331
858980	131339
858980	131344
858980	131350
858980	131354
858980	131362
858980	131369
858980	131373
858980	131378
858980	131382
858980	131391
858980	131399
957852	131404
957852	131410
957852	131418
957852	131426
957852	131433
957852	131439
957852	131443
957852	131455
957852	131465
957852	131472
957852	131477
957852	131492
957852	131501
957852	131513
957852	131519
957852	131531
957852	131542
957852	131547
957852	131552
957852	131556
957852	131563
957852	131572
957852	131577
957852	131582
957852	131591
957852	131601
957852	131607
957852	131612
957852	131615
957852	131622
957852	131629
957852	131638
957852	131648
957852	131663
957852	131668
957852	131673
957852	131689
957852	131698
957852	131702
957852	131708
957852	131712
957852	131724
957852	131730
957852	131743
957852	131748
957852	131754
957852	131758
957852	131767
957852	131774
957852	131779
957852	131783
957852	131789
957852	131794
957852	131804
957852	131811
957852	131815
957852	131826
957852	131831
957852	131842
957852	131846
957852	131853
957852	131859
957852	131865
957852	131872
957852	131878
957852	131887
957852	131891
957852	131905
957852	131911
957852	131918
957852	131922
957852	131927
957852	131935
957852	131942
957852	131960
957852	131965
957852	131975
957852	131980
957852	131993
957852	131998
957852	132003
957852	132007
957852	132019
957852	132030
957852	132041
957852	132046
957852	132049
957852	132057
957852	132062
957852	132071
957852	132076
957852	132080
957852	132089
957852	132094
957852	132108
957852	132114
957852	132120
957852	132125
957852	132180
957852	132190
957852	132198
957852	132202
957852	132208
957852	132213
957852	132223
957852	132235
957852	132242
957852	132247
957852	132254
957852	132261
957852	132274
957852	132283
957852	132291
957852	132295
957852	132300
957852	132309
957852	132313
957852	132317
957852	132324
957852	132329
957852	132332
957852	132341
957852	132346
957852	132355
957852	132359
957852	132364
957852	132375
957852	132383
957852	132387
957852	132392
957852	132400
957858	132404
957858	132408
957858	132412
957858	132416
957858	132422
957858	132426
957858	132443
957858	132472
957858	132482
957858	132493
957858	132498
957858	132504
957858	132507
957858	132518
957858	132524
957858	132537
957858	132548
957858	132552
957858	132561
957858	132565
957858	132572
957858	132577
957858	132582
957858	132590
957858	132596
957858	132599
957858	132607
957858	132612
957858	132616
957858	132624
957858	132628
957858	132647
957858	132652
957858	132658
957858	132662
957858	132666
957858	132675
957858	132682
957858	132689
957858	132694
957858	132705
957858	132716
957858	132723
957858	132727
957858	132733
957858	132744
957858	132749
957858	132754
957858	132768
957858	132776
957858	132781
957858	132789
957858	132794
957858	132798
957858	132803
957858	132810
957858	132821
957858	132828
957858	132835
957858	132845
957858	132853
957858	132858
957858	132867
957858	132871
957858	132877
957858	132881
957858	132885
957858	132894
957858	132900
957858	132904
957858	132909
957858	132923
957858	132933
957858	132938
957858	132948
957858	132954
957858	132958
957858	132967
957858	132978
957858	132990
957858	132997
957858	133002
957858	133010
957858	133015
957858	133023
957858	133027
957858	133033
957858	133046
957858	133050
957858	133055
957858	133064
957858	133074
957858	133080
957858	133092
957858	133102
957858	133110
957858	133114
957858	133125
957858	133177
957858	133195
957858	133204
957858	133213
957858	133232
957858	133245
957858	133250
957858	133255
957858	133259
957858	133266
957858	133271
957858	133280
957858	133285
957858	133293
957858	133299
957858	133308
957858	133312
957858	133316
957858	133325
957858	133329
957858	133334
957858	133341
957858	133345
957858	133349
957858	133356
957858	133360
957858	133364
957858	133374
957858	133378
957858	133386
957858	133393
957855	133404
957855	133409
957855	133413
957855	133423
957855	133432
957855	133436
957855	133442
957855	133456
957855	133469
957855	133480
957855	133486
957855	133494
957855	133499
957855	133504
957855	133511
957855	133515
957855	133523
957855	133527
957855	133534
957855	133543
957855	133547
957855	133552
957855	133561
957855	133569
957855	133577
957855	133581
957855	133590
957855	133594
957855	133599
957855	133603
957855	133612
957855	133620
957855	133626
957855	133635
957855	133641
957855	133646
957855	133650
957855	133659
957855	133667
957855	133673
957855	133678
957855	133682
957855	133693
957855	133702
957855	133711
957855	133718
957855	133727
957855	133732
957855	133738
957855	133744
957855	133750
957855	133755
957855	133761
957855	133768
957855	133778
957855	133784
957855	133794
957855	133798
957855	133804
957855	133809
957855	133819
957855	133825
957855	133829
957855	133836
957855	133844
957855	133852
957855	133861
957855	133865
957855	133869
957855	133878
957855	133887
957855	133895
957855	133901
957855	133906
957855	133914
957855	133920
957855	133925
957855	133932
957855	133936
957855	133941
957855	133945
957855	133951
957855	133956
957855	133962
957855	133968
957855	133974
957855	133978
957855	133997
957855	134010
957855	134019
957855	134029
957855	134037
957855	134045
957855	134050
957855	134061
957855	134067
957855	134071
957855	134077
957855	134083
957855	134087
957855	134099
957855	134111
957855	134119
957855	134128
957855	134175
957855	134182
957855	134189
957855	134206
957855	134220
957855	134229
957855	134236
957855	134245
957855	134250
957855	134255
957855	134263
957855	134269
957855	134274
957855	134281
957855	134285
957855	134296
957855	134304
957855	134308
957855	134313
957855	134327
957855	134341
957855	134346
957855	134350
957855	134357
957855	134362
957855	134367
957855	134372
957855	134378
957855	134382
957855	134392
957855	134399
957847	134403
957847	134410
957847	134414
957847	134422
957847	134426
957847	134430
957847	134437
957847	134456
957847	134466
957847	134485
957847	134500
957847	134513
957847	134518
957847	134526
957847	134530
957847	134538
957847	134548
957847	134560
957847	134568
957847	134576
957847	134580
957847	134591
957847	134603
957847	134607
957847	134613
957847	134622
957847	134626
957847	134631
957847	134635
957847	134653
957847	134670
957847	134677
957847	134685
957847	134692
957847	134701
957847	134708
957847	134712
957847	134722
957847	134733
957847	134739
957847	134746
957847	134750
957847	134761
957847	134765
957847	134769
957847	134780
957847	134785
957847	134794
957847	134802
957847	134810
957847	134815
957847	134824
957847	134830
957847	134835
957847	134842
957847	134847
957847	134853
957847	134858
957847	134863
957847	134871
957847	134877
957847	134882
957847	134886
957847	134897
957847	134903
957847	134911
957847	134917
957847	134921
957847	134926
957847	134934
957847	134938
957847	134943
957847	134947
957847	134951
957847	134963
957847	134971
957847	134982
957847	134988
957847	134998
957847	135002
957847	135011
957847	135017
957847	135024
957847	135029
957847	135033
957847	135044
957847	135049
957847	135053
957847	135058
957847	135068
957847	135077
957847	135082
957847	135086
957847	135100
957847	135104
957847	135110
957847	135116
957847	135125
957847	135174
957847	135184
957847	135192
957847	135199
957847	135204
957847	135212
957847	135216
957847	135223
957847	135234
957847	135246
957847	135252
957847	135264
957847	135269
957847	135280
957847	135286
957847	135293
957847	135300
957847	135306
957847	135313
957847	135318
957847	135325
957847	135331
957847	135335
957847	135347
957847	135354
957847	135361
957847	135365
957847	135370
957847	135377
957847	135385
957847	135389
957847	135400
957860	135404
957860	135410
957860	135414
957860	135421
957860	135426
957860	135431
957860	135435
957860	135441
957860	135445
957860	135456
957860	135467
957860	135477
957860	135486
957860	135494
957860	135498
957860	135502
957860	135506
957860	135513
957860	135516
957860	135528
957860	135534
957860	135541
957860	135547
957860	135550
957860	135561
957860	135565
957860	135573
957860	135578
957860	135583
957860	135593
957860	135600
957860	135604
957860	135613
957860	135618
957860	135623
957860	135629
957860	135633
957860	135644
957860	135650
957860	135655
957860	135665
957860	135671
957860	135677
957860	135711
957860	135738
957860	135755
957860	135766
957860	135774
957860	135780
957860	135785
957860	135798
957860	135805
957860	135810
957860	135816
957860	135819
957860	135829
957860	135838
957860	135844
957860	135852
957860	135856
957860	135861
957860	135865
957860	135868
957860	135876
957860	135880
957860	135902
957860	135914
957860	135925
957860	135929
957860	135934
957860	135947
957860	135957
957860	135964
957860	135970
957860	135974
957860	135989
957860	135999
957860	136005
957860	136013
957860	136017
957860	136025
957860	136030
957860	136035
957860	136044
957860	136068
957860	136120
957860	136131
