957858	56547
957858	56550
957858	56553
957858	56557
957858	56559
957858	56563
957858	56566
957858	56569
957858	56573
957858	56576
957858	56584
957858	56587
957858	56591
957858	56594
957858	56597
957858	56600
957858	56603
957858	56606
957858	56609
957858	56612
957858	56615
957858	56618
957858	56621
957858	56624
957858	56628
957858	56631
957858	56634
957858	56637
957858	56640
957858	56644
957858	56647
957858	56650
957858	56653
957858	56658
957858	56661
957858	56664
957858	56667
957858	56670
957858	56674
957858	56678
957858	56682
957858	56684
957858	56687
957858	56691
957858	56694
957858	56697
957858	56700
957858	56703
957858	56707
957858	56710
957858	56713
957858	56717
957858	56721
957858	56725
957858	56728
957858	56731
957858	56734
957858	56737
957858	56740
957858	56743
957858	56746
957858	56749
957858	56753
957858	56756
957858	56760
957858	56766
957858	56770
957858	56773
957858	56776
957858	56779
957858	56782
957858	56785
957858	56788
957858	56792
957858	56795
957858	56798
957849	56801
957849	56804
957849	56806
957849	56810
957849	56813
957849	56815
957849	56818
957849	56821
957849	56824
957849	56827
957849	56830
957849	56832
957849	56836
957849	56838
957849	56841
957849	56845
957849	56847
957849	56851
957849	56854
957849	56858
957849	56860
957849	56865
957849	56868
957849	56871
957849	56875
957849	56877
957849	56881
957849	56883
957849	56886
957849	56890
957849	56894
957849	56898
957849	56902
957849	56905
957849	56909
957849	56912
957849	56915
957849	56918
957849	56921
957849	56925
957849	56928
957849	56931
957849	56934
957849	56937
957849	56941
957849	56945
957849	56947
957849	56950
957849	56954
957849	56957
957849	56960
957849	56963
957849	56966
957849	56971
957849	56975
957849	56979
957849	56982
957849	56985
957849	56988
957849	57002
957849	57006
957849	57010
957849	57013
957849	57017
957849	57020
957849	57023
957849	57026
957849	57029
957849	57033
957849	57036
957849	57039
957849	57043
957849	57046
957849	57049
957849	57052
957849	57055
957849	57058
957849	57062
957849	57066
957849	57069
957849	57072
957849	57075
957849	57078
957849	57081
957849	57083
957849	57092
957849	57096
957849	57099
957849	57102
957849	57105
957849	57109
957849	57112
957849	57115
957849	57118
957849	57121
957849	57126
957849	57129
957849	57133
957849	57136
957849	57138
957849	57184
957849	57187
957849	57191
957849	57195
957849	57197
957849	57201
957849	57204
957849	57207
957849	57211
957849	57214
957849	57216
957849	57220
957849	57223
957849	57227
957849	57230
957849	57233
957849	57236
957849	57239
957849	57243
957849	57246
957849	57248
957849	57251
957849	57255
957849	57258
957849	57261
957849	57265
957849	57268
957849	57270
957849	57274
957849	57277
957849	57280
957849	57283
957849	57286
957849	57289
957849	57292
957849	57295
957849	57300
957849	57303
957849	57311
957849	57314
957849	57317
957849	57321
957849	57324
957849	57327
957849	57330
957849	57332
957849	57335
957849	57338
957849	57341
957849	57345
957849	57347
957849	57350
957849	57353
957849	57356
957849	57359
957849	57362
957849	57365
957849	57368
957849	57371
957849	57375
957849	57378
957849	57381
957849	57383
957849	57386
957849	57389
957849	57392
957849	57395
957849	57398
957849	57401
957849	57403
957849	57407
957849	57410
957849	57413
957849	57416
957849	57419
957849	57422
957849	57425
957849	57428
957849	57437
957849	57449
957849	57453
957849	57457
957849	57463
957849	57476
957849	57481
957849	57488
957849	57499
957849	57510
957849	57523
957849	57528
957849	57531
957849	57534
957849	57538
957849	57541
957849	57546
957849	57549
957849	57552
957849	57556
957849	57560
957849	57565
957849	57569
957849	57573
957849	57576
957849	57579
957849	57582
957849	57586
957849	57588
957849	57592
957849	57595
957849	57597
957849	57600
957849	57603
957849	57606
957849	57609
957849	57612
957849	57615
957849	57618
957849	57621
957849	57623
957849	57627
957849	57630
957849	57632
957849	57636
957849	57638
957849	57641
957849	57644
957849	57647
957849	57649
957849	57652
957849	57655
957849	57658
957849	57661
957849	57668
957849	57671
957849	57674
957849	57677
957849	57681
957849	57686
957849	57689
957849	57693
957849	57696
957849	57699
957849	57702
957849	57705
957849	57708
957849	57711
957849	57714
957849	57717
957849	57720
957849	57722
957849	57726
957849	57729
957849	57732
957849	57735
957849	57739
957849	57741
957849	57744
957849	57748
957849	57753
957849	57756
957849	57760
957849	57764
957849	57768
957849	57771
957849	57774
957849	57777
957849	57781
957849	57784
957849	57789
957849	57792
957849	57795
957849	57798
957860	57801
957860	57803
957860	57806
957860	57809
957860	57813
957860	57816
957860	57819
957860	57822
957860	57825
957860	57828
957860	57831
957860	57834
957860	57837
957860	57840
957860	57844
957860	57847
957860	57850
957860	57853
957860	57855
957860	57858
957860	57861
957860	57865
957860	57868
957860	57871
957860	57874
957860	57877
957860	57880
957860	57883
957860	57886
957860	57889
957860	57892
957860	57895
957860	57898
957860	57900
957860	57903
957860	57907
957860	57910
957860	57913
957860	57916
957860	57918
957860	57921
957860	57924
957860	57928
957860	57931
957860	57934
957860	57936
957860	57939
957860	57943
957860	57946
957860	57949
957860	57953
957860	57955
957860	57958
957860	57962
957860	57965
957860	57968
957860	57971
957860	57974
957860	57978
957860	57980
957860	57983
957860	57999
957860	58002
957860	58005
957860	58008
957860	58012
957860	58015
957860	58019
957860	58022
957860	58025
957860	58028
957860	58031
957860	58034
957860	58037
957860	58039
957860	58042
957860	58046
957860	58049
957860	58052
957860	58054
957860	58057
957860	58060
957860	58064
957860	58067
957860	58069
957860	58072
957860	58075
957860	58078
957860	58081
957860	58084
957860	58087
957860	58090
957860	58093
957860	58096
957860	58099
957860	58102
957860	58105
957860	58109
957860	58113
957860	58116
957860	58119
957860	58121
957860	58124
957860	58128
957860	58130
957860	58133
957860	58136
957860	58185
957860	58189
957860	58193
957860	58196
957860	58199
957860	58202
957860	58204
957860	58207
957860	58210
957860	58213
957860	58216
957860	58219
957860	58221
957860	58225
957860	58227
957860	58230
957860	58233
957860	58236
957860	58239
957860	58242
957860	58245
957860	58248
957860	58251
957860	58254
957860	58257
957860	58260
957860	58264
957860	58267
957860	58270
957860	58272
957860	58275
957860	58278
957860	58281
957860	58284
957860	58288
957860	58290
957860	58293
957860	58312
957860	58316
957860	58320
957860	58323
957860	58326
957860	58329
957860	58332
957860	58335
957860	58338
957860	58340
957860	58343
957860	58347
957860	58349
957860	58352
957860	58355
957860	58358
957860	58363
957860	58367
957860	58370
957860	58374
957860	58380
957860	58383
957860	58385
957860	58388
957860	58391
957860	58395
957860	58398
957860	58401
957860	58404
957860	58407
957860	58410
957860	58414
957860	58417
957860	58420
957860	58422
957860	58425
957860	58429
957860	58431
957860	58434
957860	58438
957860	58440
957860	58444
957860	58447
957860	58450
957860	58454
957860	58456
957860	58459
957860	58463
957860	58469
957860	58476
957860	58482
957860	58486
957860	58490
957860	58493
957860	58496
957860	58499
957860	58502
957860	58504
957860	58508
957860	58511
957860	58513
957860	58517
957860	58520
957860	58522
957860	58526
957860	58528
957860	58531
957860	58535
957860	58538
957860	58540
957860	58544
957860	58547
957860	58549
957860	58553
957860	58556
957860	58558
957860	58562
957860	58565
957860	58567
957860	58571
957860	58574
957860	58577
957860	58580
957860	58583
957860	58586
957860	58589
957860	58591
957860	58594
957860	58598
957860	58601
957860	58604
957860	58608
957860	58611
957860	58614
957860	58617
957860	58620
957860	58622
957860	58625
957860	58628
957860	58630
957860	58634
957860	58636
957860	58639
957860	58642
957860	58646
957860	58649
957860	58652
957860	58655
957860	58658
957860	58662
957860	58666
957860	58669
957860	58673
957860	58676
957860	58679
957860	58682
957860	58685
957860	58688
957860	58691
957860	58695
957860	58698
957860	58700
957860	58703
957860	58706
957860	58709
957860	58712
957860	58715
957860	58718
957860	58721
957860	58724
957860	58727
957860	58729
957860	58733
957860	58735
957860	58738
957860	58741
957860	58745
957860	58748
957860	58751
957860	58754
957860	58756
957860	58760
957860	58763
957860	58766
957860	58769
957860	58772
957860	58775
957860	58779
957860	58781
957860	58784
957860	58787
957860	58790
957860	58793
957860	58796
957860	58799
957852	58802
957852	58805
957852	58808
957852	58811
957852	58814
957852	58817
957852	58820
957852	58823
957852	58826
957852	58829
957852	58832
957852	58835
957852	58837
957852	58841
957852	58843
957852	58846
957852	58849
957852	58852
957852	58855
957852	58857
957852	58861
957852	58864
957852	58867
957852	58870
957852	58872
957852	58875
957852	58879
957852	58882
957852	58886
957852	58889
957852	58892
957852	58895
957852	58898
957852	58901
957852	58904
957852	58907
957852	58910
957852	58914
957852	58916
957852	58919
957852	58923
957852	58925
957852	58929
957852	58932
957852	58935
957852	58937
957852	58940
957852	58943
957852	58946
957852	58949
957852	58952
957852	58955
957852	58958
957852	58961
957852	58964
957852	58967
957852	58972
957852	58975
957852	58978
957852	58981
957852	58985
957852	58988
957852	58991
957852	58996
957852	58999
957852	59002
957852	59006
957852	59008
957852	59011
957852	59014
957852	59018
957852	59021
957852	59024
957852	59027
957852	59030
957852	59033
957852	59036
957852	59039
957852	59042
957852	59044
957852	59048
957852	59051
957852	59053
957852	59056
957852	59059
957852	59062
957852	59066
957852	59068
957852	59071
957852	59074
957852	59077
957852	59080
957852	59083
957852	59086
957852	59089
957852	59091
957852	59095
957852	59098
957852	59101
957852	59104
957852	59107
957852	59110
957852	59115
957852	59118
957852	59121
957852	59124
957852	59127
957852	59131
957852	59133
957852	59136
957852	59180
957852	59183
957852	59186
957852	59190
957852	59193
957852	59196
957852	59200
957852	59203
957852	59207
957852	59209
957852	59212
957852	59215
957852	59218
957852	59221
957852	59224
957852	59227
957852	59229
957852	59232
957852	59246
957852	59252
957852	59261
957852	59265
957852	59268
957852	59272
957852	59275
957852	59279
957852	59282
957852	59286
957852	59288
957852	59291
957852	59294
957852	59303
957852	59310
957852	59315
957852	59319
957852	59321
957852	59324
957852	59327
957852	59330
957852	59333
957852	59336
957852	59338
957852	59342
957852	59344
957852	59347
957852	59350
957852	59353
957852	59355
957852	59358
957852	59361
957852	59364
957852	59368
957852	59371
957852	59373
957852	59377
957852	59382
957852	59385
957852	59388
957852	59391
957852	59394
957852	59397
957852	59400
957852	59403
957852	59406
957852	59409
957852	59412
957852	59415
957852	59417
957852	59420
957852	59423
957852	59426
957852	59428
957852	59431
957852	59434
957852	59437
957852	59440
957852	59443
957852	59446
957852	59450
957852	59452
957852	59455
957852	59458
957852	59461
957852	59464
957852	59468
957852	59471
957852	59473
957852	59476
957852	59480
957852	59483
957852	59487
957852	59489
957852	59492
957852	59495
957852	59498
957852	59500
957852	59503
957852	59506
957852	59509
957852	59512
957852	59515
957852	59518
957852	59521
957852	59524
957852	59527
957852	59530
957852	59533
957852	59536
957852	59539
957852	59542
957852	59544
957852	59548
957852	59550
957852	59553
957852	59556
957852	59559
957852	59562
957852	59566
957852	59568
957852	59571
957852	59574
957852	59577
957852	59580
957852	59583
957852	59586
957852	59589
957852	59592
957852	59595
957852	59598
957852	59601
957852	59604
957852	59607
957852	59611
957852	59614
957852	59618
957852	59621
957852	59624
957852	59627
957852	59631
957852	59634
957852	59636
957852	59640
957852	59643
957852	59646
957852	59650
957852	59653
957852	59656
957852	59659
957852	59663
957852	59666
957852	59669
957852	59672
957852	59675
957852	59678
957852	59681
957852	59684
957852	59687
957852	59689
957852	59692
957852	59695
957852	59698
957852	59701
957852	59704
957852	59707
957852	59710
957852	59712
957852	59715
957852	59718
957852	59721
957852	59724
957852	59727
957852	59730
957852	59733
957852	59736
957852	59739
957852	59742
957852	59745
957852	59749
957852	59751
957852	59754
957852	59757
957852	59760
957852	59764
957852	59768
957852	59771
957852	59774
957852	59776
957852	59780
957852	59783
957852	59785
957852	59788
957852	59791
957852	59794
957852	59797
957852	59800
957857	59803
957857	59806
957857	59809
957857	59812
957857	59815
957857	59818
957857	59820
957857	59823
957857	59826
957857	59830
957857	59833
957857	59837
957857	59840
957857	59842
957857	59845
957857	59848
957857	59851
957857	59854
957857	59857
957857	59860
957857	59864
957857	59867
957857	59870
957857	59872
957857	59875
957857	59878
957857	59881
957857	59884
957857	59887
957857	59890
957857	59893
957857	59896
957857	59899
957857	59902
957857	59905
957857	59908
957857	59910
957857	59914
957857	59917
957857	59920
957857	59922
957857	59926
957857	59929
957857	59931
957857	59935
957857	59938
957857	59940
957857	59943
957857	59947
957857	59950
957857	59953
957857	59956
957857	59958
957857	59962
957857	59965
957857	59968
957857	59971
957857	59974
957857	59977
957857	59981
957857	59983
957857	59986
957857	59999
957857	60012
957857	60016
957857	60020
957857	60023
957857	60026
957857	60031
957857	60034
957857	60038
957857	60040
957857	60044
957857	60047
957857	60050
957857	60053
957857	60056
957857	60059
957857	60062
957857	60066
957857	60069
957857	60072
957857	60075
957857	60078
957857	60082
957857	60084
957857	60087
957857	60090
957857	60093
957857	60096
957857	60099
957857	60102
957857	60104
957857	60107
957857	60110
957857	60113
957857	60116
957857	60118
957857	60121
957857	60131
957857	60134
957857	60138
957857	60181
957857	60185
957857	60189
957857	60192
957857	60195
957857	60199
957857	60201
957857	60205
957857	60207
957857	60210
957857	60213
957857	60216
957857	60219
957857	60222
957857	60225
957857	60228
957857	60231
957857	60234
957857	60238
957857	60240
957857	60243
957857	60246
957857	60249
957857	60252
957857	60255
957857	60257
957857	60261
957857	60265
957857	60268
957857	60271
957857	60273
957857	60276
957857	60279
957857	60283
957857	60286
957857	60289
957857	60291
957857	60294
957857	60298
957857	60303
957857	60306
957857	60309
957857	60312
957857	60314
957857	60318
957857	60322
957857	60325
957857	60328
957857	60330
957857	60334
957857	60336
957857	60339
957857	60341
957857	60345
957857	60347
957857	60350
957857	60354
957857	60356
957857	60359
957857	60363
957857	60366
957857	60369
957857	60372
957857	60374
957857	60377
957857	60382
957857	60385
957857	60388
957857	60391
957857	60393
957857	60397
957857	60399
957857	60402
957857	60405
957857	60408
957857	60411
957857	60414
957857	60417
957857	60420
957857	60422
957857	60426
957857	60428
957857	60432
957857	60435
957857	60438
957857	60441
957857	60444
957857	60447
957857	60450
957857	60453
957857	60456
957857	60460
957857	60463
957857	60466
957857	60469
957857	60472
957857	60474
957857	60478
957857	60480
957857	60483
957857	60486
957857	60489
957857	60492
957857	60496
957857	60500
957857	60502
957857	60505
957857	60508
957857	60510
957857	60514
957857	60517
957857	60520
957857	60523
957857	60525
957857	60528
957857	60532
957857	60535
957857	60538
957857	60541
957857	60543
957857	60546
957857	60549
957857	60552
957857	60555
957857	60558
957857	60561
957857	60565
957857	60569
957857	60571
957857	60574
957857	60577
957857	60580
957857	60583
957857	60586
957857	60588
957857	60592
957857	60594
957857	60597
957857	60600
957857	60604
957857	60606
957857	60609
957857	60615
957857	60618
957857	60621
957857	60624
957857	60626
957857	60630
957857	60633
957857	60636
957857	60639
957857	60641
957857	60644
957857	60648
957857	60651
957857	60653
957857	60657
957857	60660
957857	60664
957857	60667
957857	60670
957857	60673
957857	60676
957857	60679
957857	60682
957857	60685
957857	60688
957857	60690
957857	60694
957857	60697
957857	60700
957857	60703
957857	60706
957857	60708
957857	60712
957857	60714
957857	60717
957857	60720
957857	60723
957857	60726
957857	60728
957857	60732
957857	60735
957857	60737
957857	60741
957857	60743
957857	60746
957857	60749
957857	60752
957857	60755
957857	60758
957857	60761
957857	60764
957857	60767
957857	60770
957857	60773
957857	60776
957857	60781
957857	60785
957857	60796
957857	60799
957855	60803
957855	60806
957855	60809
957855	60812
957855	60815
957855	60818
957855	60821
957855	60824
957855	60826
957855	60829
957855	60832
957855	60835
957855	60839
957855	60841
957855	60844
957855	60848
957855	60851
957855	60854
957855	60857
957855	60860
957855	60863
957855	60867
957855	60871
957855	60875
957855	60878
957855	60881
957855	60885
957855	60888
957855	60891
957855	60894
957855	60897
957855	60900
957855	60903
957855	60905
957855	60908
957855	60911
957855	60914
957855	60917
957855	60920
957855	60923
957855	60926
957855	60929
957855	60933
957855	60936
957855	60939
957855	60942
957855	60945
957855	60948
957855	60950
957855	60953
957855	60957
957855	60960
957855	60962
957855	60966
957855	60969
957855	60972
957855	60975
957855	60978
957855	60980
957855	61000
957855	61004
957855	61008
957855	61011
957855	61015
957855	61019
957855	61021
957855	61025
957855	61027
957855	61030
957855	61034
957855	61036
957855	61040
957855	61043
957855	61046
957855	61049
957855	61053
957855	61056
957855	61059
957855	61063
957855	61068
957855	61071
957855	61074
957855	61077
957855	61080
957855	61083
957855	61086
957855	61092
957855	61096
957855	61099
957855	61102
957855	61105
957855	61108
957855	61112
957855	61115
957855	61119
957855	61194
957855	61197
957855	61201
957855	61203
957855	61206
957855	61208
957855	61211
957855	61214
957855	61218
957855	61221
957855	61223
957855	61226
957855	61229
957855	61231
957855	61234
957855	61237
957855	61240
957855	61242
957855	61245
957855	61249
957855	61251
957855	61255
957855	61257
957855	61260
957855	61263
957855	61268
957855	61271
957855	61274
957855	61277
957855	61279
957855	61283
957855	61286
957855	61289
957855	61292
957855	61295
957855	61323
957855	61327
957855	61331
957855	61335
957855	61338
957855	61342
957855	61345
957855	61348
957855	61351
957855	61353
957855	61357
957855	61359
957855	61362
957855	61366
957855	61369
957855	61372
957855	61375
957855	61377
957855	61384
957855	61388
957855	61391
957855	61394
957855	61397
957855	61401
957855	61405
957855	61407
957855	61410
957855	61413
957855	61416
957855	61419
957855	61422
957855	61425
957855	61428
957855	61431
957855	61434
957855	61437
957855	61440
957855	61443
957855	61445
957855	61449
957855	61451
957855	61454
957855	61457
957855	61460
957855	61463
957855	61467
957855	61470
957855	61473
957855	61477
957855	61479
957855	61484
957855	61487
957855	61490
957855	61493
957855	61496
957855	61499
957855	61502
957855	61505
957855	61507
957855	61511
957855	61513
957855	61517
957855	61520
957855	61523
957855	61526
957855	61529
957855	61532
957855	61535
957855	61538
957855	61541
957855	61545
957855	61549
957855	61551
957855	61554
957855	61558
957855	61561
957855	61565
957855	61568
957855	61570
957855	61573
957855	61576
957855	61579
957855	61583
957855	61586
957855	61589
957855	61592
957855	61594
957855	61597
957855	61601
957855	61603
957855	61606
957855	61609
957855	61612
957855	61616
957855	61619
957855	61621
957855	61625
957855	61628
957855	61631
957855	61635
957855	61639
957855	61642
957855	61649
957855	61653
957855	61659
957855	61665
957855	61670
957855	61673
957855	61676
957855	61679
957855	61682
957855	61685
957855	61688
957855	61691
957855	61693
957855	61696
957855	61700
957855	61702
957855	61705
957855	61708
957855	61711
957855	61714
957855	61717
957855	61720
957855	61723
957855	61726
957855	61728
957855	61731
957855	61734
957855	61737
957855	61740
957855	61742
957855	61746
957855	61748
957855	61751
957855	61755
957855	61757
957855	61760
957855	61763
957855	61766
957855	61771
957855	61774
957855	61777
957855	61780
957855	61783
957855	61786
957855	61789
957855	61792
957855	61795
957855	61798
957850	61801
957850	61804
957850	61807
957850	61810
957850	61813
957850	61816
957850	61819
957850	61821
957850	61825
957850	61828
957850	61830
957850	61834
957850	61836
957850	61839
957850	61842
957850	61845
957850	61848
957850	61850
957850	61854
957850	61857
957850	61860
957850	61865
957850	61871
957850	61876
957850	61881
957850	61887
957850	61891
957850	61894
957850	61897
957850	61900
957850	61903
957850	61906
957850	61909
957850	61912
957850	61915
957850	61919
957850	61922
957850	61926
957850	61930
957850	61933
957850	61936
957850	61939
957850	61941
957850	61944
957850	61947
957850	61951
957850	61954
957850	61957
957850	61960
957850	61964
957850	61968
957850	61971
957850	61973
957850	61976
957850	61979
957850	61982
957850	61985
957850	61988
957850	62002
957850	62006
957850	62009
957850	62012
957850	62016
957850	62019
957850	62022
957850	62025
957850	62027
957850	62030
957850	62034
957850	62037
957850	62040
957850	62043
957850	62046
957850	62049
957850	62053
957850	62056
957850	62058
957850	62062
957850	62066
957850	62069
957850	62072
957850	62075
957850	62078
957850	62081
957850	62084
957850	62087
957850	62090
957850	62093
957850	62095
957850	62099
957850	62101
957850	62104
957850	62108
957850	62111
957850	62114
957850	62117
957850	62120
957850	62123
957850	62126
957850	62129
957850	62133
957850	62136
957850	62181
957850	62185
957850	62189
957850	62192
957850	62194
957850	62198
957850	62201
957850	62204
957850	62207
957850	62210
957850	62212
957850	62215
957850	62219
957850	62222
957850	62225
957850	62228
957850	62231
957850	62234
957850	62237
957850	62240
957850	62243
957850	62246
957850	62250
957850	62253
957850	62256
957850	62258
957850	62261
957850	62265
957850	62268
957850	62273
957850	62275
957850	62279
957850	62283
957850	62289
957850	62294
957850	62314
957850	62323
957850	62327
957850	62335
957850	62340
957850	62344
957850	62347
957850	62364
957850	62369
957850	62373
957850	62379
957850	62388
957850	62393
957850	62404
957850	62415
957850	62418
957850	62423
957850	62431
957850	62437
957850	62441
957850	62451
957850	62458
957850	62463
957850	62468
957850	62472
957850	62477
957850	62483
957850	62486
957850	62491
957850	62495
957850	62499
957850	62504
957850	62508
957850	62515
957850	62518
957850	62522
957850	62530
957850	62533
957850	62537
957850	62541
957850	62545
957850	62550
957850	62553
957850	62557
957850	62561
957850	62566
957850	62570
957850	62573
957850	62577
957850	62581
957850	62586
957850	62589
957850	62593
957850	62597
957850	62601
957850	62605
957850	62609
957850	62612
957850	62616
957850	62619
957850	62622
957850	62626
957850	62630
957850	62633
957850	62638
957850	62642
957850	62644
957850	62648
957850	62650
957850	62654
957850	62661
957850	62663
957850	62666
957850	62671
957850	62673
957850	62677
957850	62682
957850	62687
957850	62691
957850	62693
957850	62696
957850	62702
957850	62706
957850	62709
957850	62712
957850	62715
957850	62719
957850	62722
957850	62725
957850	62731
957850	62735
957850	62738
957850	62741
957850	62744
957850	62747
957850	62752
957850	62756
957850	62759
957850	62765
957850	62769
957850	62774
957850	62778
957850	62780
957850	62783
957850	62786
957850	62789
957850	62792
957850	62795
957850	62797
957851	62802
957851	62805
957851	62808
957851	62811
957851	62814
957851	62817
957851	62820
957851	62823
957851	62826
957851	62829
957851	62832
957851	62835
957851	62838
957851	62841
957851	62843
957851	62847
957851	62850
957851	62853
957851	62856
957851	62859
957851	62862
957851	62866
957851	62868
957851	62871
957851	62875
957851	62877
957851	62880
957851	62883
957851	62886
957851	62888
957851	62891
957851	62894
957851	62897
957851	62900
957851	62904
957851	62907
957851	62911
957851	62914
957851	62916
957851	62921
957851	62924
957851	62927
957851	62930
957851	62933
957851	62937
957851	62939
957851	62942
957851	62945
957851	62948
957851	62951
957851	62954
957851	62957
957851	62960
957851	62962
957851	62967
957851	62969
957851	62973
957851	62976
957851	62978
957851	62981
957851	62985
957851	62988
957851	62991
957851	62994
957851	62996
957851	63000
957851	63003
957851	63005
957851	63009
957851	63011
957851	63015
957851	63019
957851	63022
957851	63024
957851	63027
957851	63030
957851	63033
957851	63036
957851	63039
957851	63042
957851	63045
957851	63048
957851	63051
957851	63054
957851	63056
957851	63059
957851	63062
957851	63065
957851	63069
957851	63072
957851	63075
957851	63088
957851	63091
957851	63101
957851	63105
957851	63107
957851	63111
957851	63113
957851	63117
957851	63121
957851	63124
957851	63127
957851	63130
957851	63133
957851	63137
957851	63181
957851	63185
957851	63189
957851	63191
957851	63194
957851	63197
957851	63201
957851	63204
957851	63207
957851	63210
957851	63213
957851	63216
957851	63218
957851	63221
957851	63225
957851	63228
957851	63230
957851	63234
957851	63236
957851	63239
957851	63242
957851	63245
957851	63248
957851	63253
957851	63256
957851	63258
957851	63261
957851	63264
957851	63267
957851	63270
957851	63273
957851	63276
957851	63279
957851	63282
957851	63285
957851	63288
957851	63290
957851	63293
957851	63297
957851	63300
957851	63306
957851	63309
957851	63312
957851	63315
957851	63318
957851	63321
957851	63324
957851	63326
957851	63329
957851	63332
957851	63335
957851	63338
957851	63341
957851	63344
957851	63347
957851	63351
957851	63354
957851	63357
957851	63360
957851	63363
957851	63366
957851	63370
957851	63373
957851	63375
957851	63379
957851	63381
957851	63384
957851	63388
957851	63391
957851	63394
957851	63397
957851	63399
957851	63403
957851	63407
957851	63410
957851	63414
957851	63417
957851	63420
957851	63424
957851	63427
957851	63430
957851	63432
957851	63435
957851	63438
957851	63448
957851	63452
957851	63455
957851	63459
957851	63462
957851	63465
957851	63468
957851	63471
957851	63475
957851	63478
957851	63480
957851	63483
957851	63487
957851	63490
957851	63492
957851	63496
957851	63500
957851	63504
957851	63507
957851	63510
957851	63513
957851	63516
957851	63520
957851	63524
957851	63527
957851	63530
957851	63533
957851	63536
957851	63538
957851	63541
957851	63544
957851	63547
957851	63550
957851	63553
957851	63555
957851	63558
957851	63561
957851	63564
957851	63568
957851	63571
957851	63574
957851	63577
957851	63580
957851	63583
957851	63586
957851	63589
957851	63591
957851	63595
957851	63597
957851	63600
957851	63603
957851	63607
957851	63610
957851	63613
957851	63615
957851	63618
957851	63621
957851	63624
957851	63628
957851	63635
957851	63641
957851	63644
957851	63647
957851	63650
957851	63653
957851	63656
957851	63659
957851	63662
957851	63665
957851	63668
957851	63672
957851	63676
957851	63679
957851	63682
957851	63686
957851	63690
957851	63692
957851	63696
957851	63698
957851	63701
957851	63704
957851	63707
957851	63710
957851	63713
957851	63716
957851	63719
957851	63722
957851	63725
957851	63729
957851	63732
957851	63734
957851	63738
957851	63741
957851	63743
957851	63746
957851	63749
957851	63752
957851	63755
957851	63758
957851	63762
957851	63765
957851	63769
957851	63773
957851	63777
957851	63780
957851	63783
957851	63787
957851	63790
957851	63793
957851	63798
957856	63801
957856	63805
957856	63808
957856	63811
957856	63814
957856	63817
957856	63820
957856	63823
957856	63825
957856	63828
957856	63831
957856	63834
957856	63838
957856	63840
957856	63843
957856	63846
957856	63850
957856	63853
957856	63858
957856	63861
957856	63863
957856	63868
957856	63872
957856	63876
957856	63879
957856	63882
957856	63885
957856	63889
957856	63892
957856	63894
957856	63897
957856	63900
957856	63903
957856	63906
957856	63909
957856	63912
957856	63915
957856	63918
957856	63921
957856	63925
957856	63927
957856	63930
957856	63933
957856	63936
957856	63939
957856	63942
957856	63944
957856	63947
957856	63950
957856	63953
957856	63956
957856	63960
957856	63963
957856	63967
957856	63969
957856	63973
957856	63976
957856	63978
957856	63981
957856	63990
957856	63994
957856	63997
957856	64000
957856	64003
957856	64006
957856	64009
957856	64012
957856	64015
957856	64018
957856	64022
957856	64025
957856	64028
957856	64031
957856	64034
957856	64036
957856	64040
957856	64042
957856	64045
957856	64048
957856	64052
957856	64056
957856	64060
957856	64063
957856	64067
957856	64070
957856	64073
957856	64076
957856	64078
957856	64081
957856	64085
957856	64088
957856	64090
957856	64094
957856	64096
957856	64099
957856	64102
957856	64105
957856	64108
957856	64111
957856	64114
957856	64117
957856	64120
957856	64123
957856	64126
957856	64130
957856	64133
957856	64137
957856	64182
957856	64185
957856	64190
957856	64193
957856	64196
957856	64200
957856	64203
957856	64207
957856	64210
957856	64214
957856	64217
957856	64219
957856	64223
957856	64226
957856	64229
957856	64231
957856	64235
957856	64240
957856	64243
957856	64246
957856	64249
957856	64252
957856	64257
957856	64262
957856	64266
957856	64268
957856	64271
957856	64274
957856	64277
957856	64280
957856	64283
957856	64285
957856	64289
957856	64292
957856	64294
957856	64299
957856	64303
957856	64307
957856	64310
957856	64312
957856	64316
957856	64319
957856	64322
957856	64325
957856	64328
957856	64331
957856	64334
957856	64337
957856	64339
957856	64343
957856	64346
957856	64349
957856	64352
957856	64355
957856	64357
957856	64361
957856	64364
957856	64367
957856	64370
957856	64373
957856	64376
957856	64379
957856	64381
957856	64384
957856	64389
957856	64398
957856	64402
957856	64405
957856	64408
957856	64411
957856	64415
957856	64417
957856	64420
957856	64424
957856	64426
957856	64429
957856	64432
957856	64435
957856	64438
957856	64442
957856	64444
957856	64447
957856	64450
957856	64453
957856	64456
957856	64459
957856	64461
957856	64465
957856	64468
957856	64470
957856	64473
957856	64477
957856	64480
957856	64484
957856	64489
957856	64492
957856	64495
957856	64498
957856	64500
957856	64504
957856	64507
957856	64510
957856	64514
957856	64517
957856	64520
957856	64523
957856	64525
957856	64528
957856	64531
957856	64534
957856	64537
957856	64540
957856	64543
957856	64545
957856	64548
957856	64551
957856	64554
957856	64558
957856	64560
957856	64563
957856	64567
957856	64570
957856	64574
957856	64577
957856	64580
957856	64583
957856	64586
957856	64588
957856	64591
957856	64594
957856	64597
957856	64600
957856	64603
957856	64607
957856	64610
957856	64614
957856	64616
957856	64619
957856	64623
957856	64626
957856	64629
957856	64633
957856	64635
957856	64639
957856	64642
957856	64644
957856	64648
957856	64651
957856	64654
957856	64657
957856	64660
957856	64663
957856	64666
957856	64669
957856	64673
957856	64676
957856	64679
957856	64682
957856	64684
957856	64687
957856	64690
957856	64694
957856	64696
957856	64699
957856	64702
957856	64705
957856	64708
957856	64711
957856	64714
957856	64716
957856	64719
957856	64722
957856	64725
957856	64728
957856	64731
957856	64734
957856	64737
957856	64741
957856	64744
957856	64747
957856	64750
957856	64753
957856	64756
957856	64759
957856	64762
957856	64765
957856	64768
957856	64771
957856	64774
957856	64777
957856	64779
957856	64782
957856	64785
957856	64788
957856	64791
957856	64794
957856	64797
957856	64800
771927	64803
771927	64806
771927	64809
771927	64811
771927	64814
771927	64817
771927	64820
771927	64823
771927	64827
771927	64829
771927	64832
771927	64836
771927	64839
771927	64841
771927	64845
771927	64848
771927	64850
771927	64854
771927	64856
771927	64860
771927	64863
771927	64866
771927	64869
771927	64872
771927	64875
771927	64878
771927	64881
771927	64884
771927	64887
771927	64890
771927	64893
771927	64896
771927	64899
771927	64901
771927	64904
771927	64908
771927	64911
771927	64913
771927	64917
771927	64920
771927	64924
771927	64927
771927	64929
771927	64933
771927	64936
771927	64939
771927	64942
771927	64945
771927	64948
771927	64951
771927	64953
771927	64956
771927	64959
771927	64962
771927	64965
771927	64968
771927	64971
771927	64977
771927	64980
771927	64983
771927	64985
771927	64989
771927	64993
771927	65003
771927	65008
771927	65011
771927	65014
771927	65017
771927	65020
771927	65024
771927	65027
771927	65030
771927	65033
771927	65036
771927	65039
771927	65041
771927	65045
771927	65048
771927	65050
771927	65053
771927	65056
771927	65059
771927	65063
771927	65066
771927	65069
771927	65072
771927	65080
771927	65084
771927	65087
771927	65090
771927	65093
771927	65096
771927	65099
771927	65102
771927	65105
771927	65108
771927	65111
771927	65114
771927	65117
771927	65120
771927	65123
771927	65127
771927	65129
771927	65132
771927	65135
771927	65137
771927	65181
771927	65184
771927	65187
771927	65193
771927	65196
771927	65199
771927	65202
771927	65205
771927	65208
771927	65211
771927	65213
771927	65217
771927	65220
771927	65222
771927	65226
771927	65228
771927	65231
771927	65235
771927	65238
771927	65241
771927	65244
771927	65246
771927	65249
771927	65252
771927	65255
771927	65258
771927	65261
771927	65265
771927	65268
771927	65270
771927	65273
771927	65276
771927	65279
771927	65282
771927	65285
771927	65288
771927	65296
771927	65299
771927	65303
771927	65307
771927	65311
771927	65314
771927	65317
771927	65321
771927	65325
771927	65328
771927	65331
771927	65335
771927	65338
771927	65342
771927	65345
771927	65348
771927	65352
771927	65356
771927	65359
771927	65362
771927	65365
771927	65369
771927	65371
771927	65374
771927	65378
771927	65380
771927	65383
771927	65386
771927	65391
771927	65397
771927	65400
771927	65402
771927	65405
771927	65412
771927	65415
771927	65418
771927	65421
771927	65427
771927	65430
771927	65434
771927	65437
771927	65439
771927	65445
771927	65448
771927	65450
771927	65453
771927	65456
771927	65459
771927	65462
771927	65465
771927	65468
771927	65471
771927	65474
771927	65477
771927	65480
771927	65482
771927	65485
771927	65488
771927	65491
771927	65495
771927	65497
771927	65500
771927	65503
771927	65506
771927	65509
771927	65512
771927	65515
771927	65518
771927	65521
771927	65524
771927	65527
771927	65531
771927	65533
771927	65536
771927	65540
771927	65547
771927	65550
771927	65552
771927	65555
771927	65558
771927	65561
771927	65563
771927	65567
771927	65570
771927	65572
771927	65576
771927	65579
771927	65581
771927	65585
771927	65587
771927	65590
771927	65594
771927	65597
771927	65600
771927	65603
771927	65606
771927	65609
771927	65612
771927	65614
771927	65617
771927	65620
771927	65623
771927	65626
771927	65629
771927	65632
771927	65635
771927	65638
771927	65641
771927	65643
771927	65647
771927	65649
771927	65652
771927	65656
771927	65661
771927	65664
771927	65667
771927	65670
771927	65674
771927	65677
771927	65680
771927	65683
771927	65686
771927	65689
771927	65692
771927	65695
771927	65698
771927	65701
771927	65704
771927	65707
771927	65710
771927	65713
771927	65715
771927	65719
771927	65721
771927	65724
771927	65728
771927	65730
771927	65733
771927	65736
771927	65739
771927	65742
771927	65745
771927	65748
771927	65751
771927	65753
771927	65757
771927	65760
771927	65762
771927	65767
771927	65770
771927	65772
771927	65778
771927	65781
771927	65783
771927	65786
771927	65789
771927	65792
771927	65795
771927	65798
869632	65801
869632	65804
869632	65808
869632	65812
869632	65815
869632	65818
869632	65821
869632	65825
869632	65828
869632	65831
869632	65834
869632	65837
869632	65840
869632	65843
869632	65846
869632	65849
869632	65851
869632	65854
869632	65858
869632	65861
869632	65865
869632	65868
869632	65870
869632	65874
869632	65877
869632	65880
869632	65884
869632	65886
869632	65889
869632	65893
869632	65896
869632	65898
869632	65901
869632	65904
869632	65907
869632	65910
869632	65913
869632	65916
869632	65919
869632	65922
869632	65925
869632	65929
869632	65932
869632	65936
869632	65938
869632	65942
869632	65945
869632	65947
869632	65950
869632	65953
869632	65956
869632	65959
869632	65962
869632	65965
869632	65968
869632	65971
869632	65975
869632	65978
869632	65981
869632	65983
869632	65986
869632	65990
869632	65997
869632	66001
869632	66003
869632	66008
869632	66012
869632	66016
869632	66019
869632	66023
869632	66027
869632	66030
869632	66033
869632	66036
869632	66038
869632	66042
869632	66045
869632	66048
869632	66051
869632	66053
869632	66056
869632	66059
869632	66062
869632	66065
869632	66068
869632	66071
869632	66074
869632	66077
869632	66080
869632	66083
869632	66086
869632	66089
869632	66092
869632	66095
869632	66098
869632	66101
869632	66104
869632	66108
869632	66110
869632	66113
869632	66116
869632	66119
869632	66122
869632	66126
869632	66128
869632	66131
869632	66134
869632	66137
869632	66180
869632	66183
869632	66186
869632	66189
869632	66192
869632	66195
869632	66198
869632	66201
869632	66204
869632	66207
869632	66214
869632	66217
869632	66220
869632	66223
869632	66228
869632	66231
869632	66234
869632	66237
869632	66240
869632	66243
869632	66246
869632	66248
869632	66252
869632	66255
869632	66257
869632	66261
869632	66264
869632	66267
869632	66270
869632	66273
869632	66275
869632	66279
869632	66281
869632	66284
869632	66287
869632	66290
869632	66293
869632	66302
869632	66307
869632	66312
869632	66315
869632	66318
869632	66320
869632	66324
869632	66327
869632	66330
869632	66333
869632	66336
869632	66338
869632	66342
869632	66345
869632	66347
869632	66350
869632	66353
869632	66356
869632	66360
869632	66363
869632	66366
869632	66369
869632	66371
869632	66376
869632	66379
869632	66382
869632	66384
869632	66387
869632	66390
869632	66393
869632	66396
869632	66399
869632	66402
869632	66405
869632	66408
869632	66411
869632	66413
869632	66416
869632	66419
869632	66423
869632	66426
869632	66429
869632	66432
869632	66436
869632	66438
869632	66443
869632	66447
869632	66450
869632	66453
869632	66456
869632	66460
869632	66464
869632	66467
869632	66470
869632	66473
869632	66476
869632	66479
869632	66482
869632	66486
869632	66488
869632	66491
869632	66494
869632	66497
869632	66500
869632	66503
869632	66506
869632	66509
869632	66512
869632	66515
869632	66518
869632	66521
869632	66524
869632	66527
869632	66530
869632	66533
869632	66535
869632	66539
869632	66541
869632	66544
869632	66548
869632	66550
869632	66553
869632	66557
869632	66559
869632	66562
869632	66566
869632	66569
869632	66572
869632	66576
869632	66592
869632	66595
869632	66599
869632	66602
869632	66605
869632	66607
869632	66610
869632	66613
869632	66616
869632	66619
869632	66622
869632	66626
869632	66630
869632	66633
869632	66635
869632	66638
869632	66641
869632	66644
869632	66647
869632	66650
869632	66653
869632	66656
869632	66662
869632	66666
869632	66669
869632	66672
869632	66677
869632	66679
869632	66682
869632	66685
869632	66688
869632	66691
869632	66695
869632	66697
869632	66700
869632	66703
869632	66706
869632	66709
869632	66712
869632	66715
869632	66718
869632	66721
869632	66723
869632	66726
869632	66730
869632	66733
869632	66735
869632	66739
869632	66741
869632	66744
869632	66748
869632	66750
869632	66753
869632	66756
869632	66760
869632	66763
869632	66766
869632	66769
869632	66771
869632	66775
869632	66782
869632	66785
869632	66788
869632	66791
869632	66795
869632	66799
957858	66802
957858	66805
957858	66808
957858	66811
957858	66814
957858	66817
957858	66819
957858	66822
957858	66825
957858	66828
957858	66831
957858	66834
957858	66837
957858	66840
957858	66843
957858	66847
957858	66849
957858	66852
957858	66855
957858	66858
957858	66861
957858	66864
957858	66867
957858	66870
957858	66873
957858	66876
957858	66879
957858	66882
957858	66885
957858	66888
957858	66891
957858	66895
957858	66898
957858	66901
957858	66904
957858	66907
957858	66910
957858	66921
957858	66929
957858	66934
957858	66937
957858	66940
957858	66943
957858	66947
957858	66950
957858	66953
957858	66955
957858	66959
957858	66963
957858	66966
957858	66973
957858	66976
957858	66981
957858	66985
957858	66989
957858	66994
957858	66996
957858	67000
957858	67004
957858	67007
957858	67011
957858	67014
957858	67016
957858	67020
957858	67022
957858	67026
957858	67031
957858	67034
957858	67036
957858	67039
957858	67042
957858	67044
957858	67048
957858	67050
957858	67053
957858	67056
957858	67059
957858	67062
957858	67066
957858	67068
957858	67071
957858	67074
957858	67077
957858	67080
957858	67083
957858	67086
957858	67089
957858	67093
957858	67099
957858	67103
957858	67106
957858	67110
957858	67113
957858	67116
957858	67119
957858	67122
957858	67125
957858	67128
957858	67131
957858	67134
957858	67137
957858	67182
957858	67186
957858	67189
957858	67192
957858	67195
957858	67199
957858	67201
957858	67204
957858	67207
957858	67210
957858	67213
957858	67216
957858	67219
957858	67222
957858	67224
957858	67228
957858	67231
957858	67234
957858	67237
957858	67240
957858	67243
957858	67246
957858	67249
957858	67251
957858	67255
957858	67258
957858	67261
957858	67265
957858	67268
957858	67272
957858	67275
957858	67278
957858	67281
957858	67283
957858	67286
957858	67289
957858	67292
957858	67296
957858	67299
957858	67302
957858	67309
957858	67316
957858	67319
957858	67322
957858	67325
957858	67332
957858	67336
957858	67339
957858	67343
957858	67348
957858	67352
957858	67355
957858	67358
957858	67361
957858	67364
957858	67368
957858	67371
957858	67374
957858	67377
957858	67380
957858	67383
957858	67386
957858	67390
957858	67393
957858	67396
957858	67399
957858	67403
957858	67407
957858	67411
957858	67414
957858	67417
957858	67420
957858	67424
957858	67427
957858	67430
957858	67433
957858	67436
957858	67438
957858	67441
957858	67444
957858	67447
957858	67451
957858	67453
957858	67456
957858	67459
957858	67467
957858	67470
957858	67473
957858	67476
957858	67479
957858	67482
957858	67485
957858	67488
957858	67491
957858	67495
957858	67498
957858	67500
957858	67504
957858	67506
957858	67509
957858	67512
957858	67515
957858	67518
957858	67521
957858	67524
957858	67528
957858	67531
957858	67534
957858	67536
957858	67540
957858	67542
957858	67545
957858	67548
957858	67551
957858	67553
957858	67556
957858	67559
957858	67569
957858	67572
957858	67575
957858	67585
957858	67588
957858	67591
957858	67595
957858	67599
957858	67604
957858	67608
957858	67612
957858	67616
957858	67619
957858	67622
957858	67624
957858	67628
957858	67631
957858	67635
957858	67639
957858	67642
957858	67646
957858	67650
957858	67653
957858	67657
957858	67660
957858	67664
957858	67667
957858	67670
957858	67672
957858	67675
957858	67678
957858	67681
957858	67684
957858	67687
957858	67690
957858	67693
957858	67696
957858	67699
957858	67702
957858	67705
957858	67708
957858	67712
957858	67714
957858	67718
957858	67721
957858	67724
957858	67727
957858	67730
957858	67732
957858	67735
957858	67739
957858	67741
957858	67745
957858	67748
957858	67751
957858	67753
957858	67757
957858	67759
957858	67762
957858	67766
957858	67769
957858	67771
957858	67774
957858	67778
957858	67781
957858	67784
957858	67787
957858	67789
957858	67793
957858	67800
957856	67803
957856	67806
957856	67808
957856	67812
957856	67815
957856	67819
957856	67821
957856	67824
957856	67827
957856	67831
957856	67834
957856	67837
957856	67840
957856	67843
957856	67847
957856	67851
957856	67854
957856	67857
957856	67859
957856	67862
957856	67866
957856	67869
957856	67872
957856	67875
957856	67878
957856	67881
957856	67884
957856	67887
957856	67890
957856	67893
957856	67896
957856	67899
957856	67902
957856	67905
957856	67909
957856	67912
957856	67915
957856	67918
957856	67921
957856	67923
957856	67927
957856	67937
957856	67940
957856	67943
957856	67946
957856	67948
957856	67951
957856	67954
957856	67957
957856	67960
957856	67963
957856	67967
957856	67970
957856	67972
957856	67975
957856	67978
957856	67981
957856	67985
957856	67988
957856	67990
957856	67994
957856	67997
957856	68000
957856	68002
957856	68005
957856	68008
957856	68011
957856	68014
957856	68017
957856	68020
957856	68023
957856	68026
957856	68031
957856	68033
957856	68037
957856	68039
957856	68042
957856	68045
957856	68050
957856	68054
957856	68056
957856	68059
957856	68063
957856	68068
957856	68071
957856	68074
957856	68077
957856	68079
957856	68083
957856	68086
957856	68089
957856	68092
957856	68096
957856	68099
957856	68102
957856	68105
957856	68108
957856	68111
957856	68114
957856	68117
957856	68119
957856	68122
957856	68126
957856	68129
957856	68131
957856	68135
957856	68137
957856	68181
957856	68184
957856	68187
957856	68189
957856	68192
957856	68196
957856	68199
957856	68202
957856	68204
957856	68207
957856	68210
957856	68213
957856	68217
957856	68220
957856	68223
957856	68226
957856	68229
957856	68232
957856	68235
957856	68237
957856	68240
957856	68243
957856	68252
957856	68255
957856	68257
957856	68261
957856	68267
957856	68271
957856	68274
957856	68277
957856	68284
957856	68287
957856	68290
957856	68293
957856	68296
957856	68301
957856	68304
957856	68307
957856	68311
957856	68314
957856	68317
957856	68320
957856	68324
957856	68327
957856	68330
957856	68335
957856	68338
957856	68341
957856	68344
957856	68347
957856	68350
957856	68354
957856	68356
957856	68360
957856	68363
957856	68367
957856	68370
957856	68373
957856	68376
957856	68379
957856	68382
957856	68385
957856	68388
957856	68391
957856	68394
957856	68397
957856	68400
957856	68403
957856	68407
957856	68410
957856	68413
957856	68416
957856	68418
957856	68421
957856	68424
957856	68427
957856	68430
957856	68433
957856	68436
957856	68439
957856	68443
957856	68447
957856	68451
957856	68455
957856	68459
957856	68465
957856	68469
957856	68472
957856	68474
957856	68478
957856	68484
957856	68487
957856	68490
957856	68492
957856	68496
957856	68499
957856	68502
957856	68505
957856	68508
957856	68511
957856	68514
957856	68517
957856	68520
957856	68523
957856	68525
957856	68528
957856	68534
957856	68537
957856	68539
957856	68544
957856	68549
957856	68554
957856	68557
957856	68560
957856	68564
957856	68567
957856	68570
957856	68573
957856	68576
957856	68580
957856	68583
957856	68586
957856	68589
957856	68591
957856	68594
957856	68597
957856	68600
957856	68603
957856	68606
957856	68608
957856	68611
957856	68615
957856	68617
957856	68620
957856	68623
957856	68626
957856	68630
957856	68633
957856	68635
957856	68638
957856	68641
957856	68645
957856	68651
957856	68654
957856	68657
957856	68660
957856	68664
957856	68667
957856	68670
957856	68673
957856	68677
957856	68680
957856	68683
957856	68687
957856	68698
957856	68701
957856	68705
957856	68708
957856	68711
957856	68714
957856	68717
957856	68720
957856	68723
957856	68726
957856	68728
957856	68731
957856	68734
957856	68737
957856	68740
957856	68743
957856	68746
957856	68750
957856	68753
957856	68755
957856	68759
957856	68761
957856	68765
957856	68769
957856	68771
957856	68774
957856	68778
957856	68781
957856	68785
957856	68790
957856	68794
957856	68797
957853	68801
957853	68803
957853	68806
957853	68809
957853	68813
957853	68815
957853	68818
957853	68821
957853	68824
957853	68827
957853	68830
957853	68833
957853	68836
957853	68839
957853	68842
957853	68844
957853	68848
957853	68851
957853	68854
957853	68857
957853	68860
957853	68863
957853	68867
957853	68869
957853	68872
957853	68875
957853	68878
957853	68883
957853	68886
957853	68889
957853	68894
957853	68897
957853	68900
957853	68902
957853	68905
957853	68908
957853	68911
957853	68919
957853	68923
957853	68925
957853	68929
957853	68935
957853	68938
957853	68941
957853	68944
957853	68948
957853	68951
957853	68953
957853	68956
957853	68960
957853	68965
957853	68969
957853	68971
957853	68975
957853	68978
957853	68981
957853	68984
957853	68988
957853	68999
957853	69003
957853	69006
957853	69009
957853	69014
957853	69017
957853	69020
957853	69023
957853	69026
957853	69031
957853	69034
957853	69037
957853	69040
957853	69043
957853	69046
957853	69049
957853	69052
957853	69055
957853	69058
957853	69061
957853	69067
957853	69070
957853	69075
957853	69082
957853	69087
957853	69091
957853	69098
957853	69101
957853	69106
957853	69112
957853	69117
957853	69121
957853	69125
957853	69130
957853	69138
957853	69184
957853	69187
957853	69190
957853	69194
957853	69197
957853	69200
957853	69205
957853	69207
957853	69210
957853	69213
957853	69217
957853	69223
957853	69226
957853	69230
957853	69234
957853	69237
957853	69242
957853	69246
957853	69250
957853	69253
957853	69257
957853	69263
957853	69268
957853	69272
957853	69275
957853	69279
957853	69283
957853	69286
957853	69290
957853	69293
957853	69302
957853	69308
957853	69313
957853	69318
957853	69322
957853	69325
957853	69329
957853	69333
957853	69336
957853	69340
957853	69343
957853	69346
957853	69350
957853	69354
957853	69357
957853	69361
957853	69364
957853	69369
957853	69372
957853	69375
957853	69378
957853	69381
957853	69385
957853	69388
957853	69391
957853	69394
957853	69398
957853	69404
957853	69407
957853	69410
957853	69412
957853	69415
957853	69418
957853	69421
957853	69424
957853	69426
957853	69429
957853	69433
957853	69436
957853	69439
957853	69442
957853	69445
957853	69449
957853	69455
957853	69458
957853	69462
957853	69468
957853	69472
957853	69475
957853	69480
957853	69484
957853	69488
957853	69491
957853	69495
957853	69501
957853	69505
957853	69508
957853	69511
957853	69518
957853	69522
957853	69525
957853	69528
957853	69532
957853	69535
957853	69538
957853	69541
957853	69544
957853	69547
957853	69551
957853	69554
957853	69557
957853	69560
957853	69565
957853	69568
957853	69572
957853	69575
957853	69579
957853	69583
957853	69587
957853	69590
957853	69594
957853	69599
957853	69602
957853	69605
957853	69609
957853	69614
957853	69617
957853	69621
957853	69624
957853	69628
957853	69632
957853	69635
957853	69638
957853	69642
957853	69645
957853	69650
957853	69653
957853	69656
957853	69660
957853	69665
957853	69670
957853	69673
957853	69677
957853	69681
957853	69684
957853	69688
957853	69691
957853	69695
957853	69699
957853	69702
957853	69705
957853	69710
957853	69713
957853	69719
957853	69723
957853	69726
957853	69729
957853	69733
957853	69736
957853	69739
957853	69742
957853	69745
957853	69749
957853	69752
957853	69755
957853	69758
957853	69760
957853	69764
957853	69767
957853	69770
957853	69773
957853	69776
957853	69778
957853	69781
957853	69784
957853	69787
957853	69790
957853	69793
957853	69796
957853	69799
957856	69802
957856	69806
957856	69809
957856	69813
957856	69817
957856	69819
957856	69822
957856	69825
957856	69827
957856	69832
957856	69835
957856	69838
957856	69841
957856	69844
957856	69848
957856	69851
957856	69853
957856	69856
957856	69859
957856	69862
957856	69866
957856	69869
957856	69872
957856	69874
957856	69878
957856	69880
957856	69883
957856	69887
957856	69889
957856	69892
957856	69896
957856	69899
957856	69901
957856	69904
957856	69907
957856	69910
957856	69912
957856	69915
957856	69918
957856	69921
957856	69924
957856	69927
957856	69930
957856	69938
957856	69941
957856	69945
957856	69948
957856	69954
957856	69957
957856	69959
957856	69962
957856	69966
957856	69969
957856	69972
957856	69974
957856	69978
957856	69981
957856	69984
957856	69989
957856	69992
957856	69994
957856	69997
957856	70000
957856	70003
957856	70006
957856	70008
957856	70012
957856	70015
957856	70018
957856	70021
957856	70024
957856	70026
957856	70030
957856	70033
957856	70035
957856	70038
957856	70041
957856	70044
957856	70046
957856	70050
957856	70053
957856	70055
957856	70058
957856	70061
957856	70064
957856	70067
957856	70070
957856	70073
957856	70076
957856	70079
957856	70082
957856	70085
957856	70088
957856	70091
957856	70094
957856	70096
957856	70099
957856	70103
957856	70105
957856	70108
957856	70116
957856	70134
957856	70183
957856	70185
957856	70188
957856	70195
957856	70197
957856	70200
957856	70202
957856	70205
957856	70208
957856	70210
957856	70213
