957858	253612
957858	253619
957858	253624
957858	253629
957858	253637
957858	253654
957858	253660
957858	253669
957858	253674
957858	253680
957858	253687
957858	253694
957858	253703
957858	253707
957858	253711
957858	253720
957858	253724
957858	253731
957858	253735
957858	253739
957858	253745
957858	253750
957858	253756
957858	253763
957858	253768
957858	253777
957858	253785
957858	253790
957858	253794
957858	253803
957858	253809
957858	253813
957858	253819
957858	253823
957858	253830
957858	253836
957858	253844
957858	253854
957858	253859
957858	253863
957858	253871
957858	253877
957858	253883
957858	253893
957858	253902
957858	253910
957858	253917
957858	253921
957858	253926
957858	253930
957858	253936
957858	253941
957858	253950
957858	253955
957858	253963
957858	253975
957858	253983
957858	253987
957858	253992
957858	254002
957858	254008
957858	254014
957858	254017
957858	254023
957858	254028
957858	254035
957858	254042
957858	254047
957858	254054
957858	254063
957858	254068
957858	254075
957858	254079
957858	254085
957858	254089
957858	254097
957858	254107
957858	254117
957858	254123
957858	254128
957858	254133
957858	254137
957858	254148
957858	254155
957858	254160
957858	254166
957858	254171
957858	254175
957858	254182
957858	254186
957858	254192
957858	254207
957858	254213
957858	254219
957858	254223
957858	254230
957858	254235
957858	254239
957858	254246
957858	254250
957858	254255
957858	254260
957858	254266
957858	254270
957858	254277
957858	254283
957858	254334
957858	254339
957858	254348
957858	254355
957858	254359
957858	254364
957858	254371
957858	254377
957858	254381
957858	254387
957858	254394
957858	254398
957858	254407
957858	254412
957858	254419
957858	254425
957858	254433
957858	254438
957858	254443
957858	254451
957858	254456
957858	254460
957858	254465
957858	254471
957858	254479
957858	254484
957858	254489
957858	254493
957858	254497
957858	254505
957858	254521
957858	254527
957858	254534
957858	254539
957858	254547
957858	254551
957858	254558
957858	254565
957858	254573
957858	254577
957858	254582
957858	254587
957858	254591
957858	254602
957852	254609
957852	254614
957852	254621
957852	254625
957852	254630
957852	254638
957852	254642
957852	254646
957852	254656
957852	254669
957852	254678
957852	254686
957852	254691
957852	254698
957852	254702
957852	254708
957852	254712
957852	254717
957852	254725
957852	254730
957852	254743
957852	254748
957852	254754
957852	254758
957852	254762
957852	254772
957852	254778
957852	254782
957852	254786
957852	254791
957852	254799
957852	254805
957852	254811
957852	254820
957852	254828
957852	254834
957852	254838
957852	254846
957852	254850
957852	254858
957852	254864
957852	254871
957852	254875
957852	254880
957852	254885
957852	254896
957852	254903
957852	254908
957852	254912
957852	254917
957852	254923
957852	254927
957852	254934
957852	254939
957852	254943
957852	254952
957852	254956
957852	254961
957852	254965
957852	254973
957852	254983
957852	254988
957852	254996
957852	255011
957852	255015
957852	255021
957852	255025
957852	255030
957852	255036
957852	255040
957852	255047
957852	255053
957852	255060
957852	255065
957852	255071
957852	255078
957852	255083
957852	255089
957852	255095
957852	255105
957852	255110
957852	255114
957852	255121
957852	255127
957852	255132
957852	255142
957852	255150
957852	255155
957852	255159
957852	255164
957852	255172
957852	255177
957852	255182
957852	255188
957852	255192
957852	255201
957852	255208
957852	255212
957852	255221
957852	255231
957852	255235
957852	255241
957852	255248
957852	255254
957852	255261
957852	255265
957852	255269
957852	255277
957852	255281
957852	255330
957852	255346
957852	255357
957852	255365
957852	255371
957852	255378
957852	255387
957852	255391
957852	255399
957852	255405
957852	255409
957852	255414
957852	255420
957852	255432
957852	255437
957852	255442
957852	255449
957852	255457
957852	255462
957852	255469
957852	255473
957852	255478
957852	255482
957852	255488
957852	255492
957852	255502
957852	255532
957852	255542
957852	255554
957852	255560
957852	255565
957852	255570
957852	255575
957852	255582
957852	255589
957852	255596
957852	255609
957857	255614
957857	255620
957857	255625
957857	255629
957857	255638
957857	255642
957857	255646
957857	255655
957857	255664
957857	255670
957857	255675
957857	255679
957857	255685
957857	255689
957857	255696
957857	255702
957857	255706
957857	255710
957857	255717
957857	255724
957857	255730
957857	255738
957857	255746
957857	255751
957857	255762
957857	255781
957857	255788
957857	255797
957857	255806
957857	255810
957857	255815
957857	255824
957857	255829
957857	255834
957857	255839
957857	255845
957857	255856
957857	255861
957857	255865
957857	255876
957857	255884
957857	255895
957857	255905
957857	255910
957857	255917
957857	255925
957857	255935
957857	255943
957857	255948
957857	255953
957857	255959
957857	255967
957857	255971
957857	255976
957857	255981
957857	255989
957857	255996
957857	256002
957857	256005
957857	256010
957857	256020
957857	256027
957857	256031
957857	256038
957857	256050
957857	256056
957857	256061
957857	256067
957857	256097
957857	256109
957857	256115
957857	256118
957857	256124
957857	256128
957857	256136
957857	256143
957857	256151
957857	256156
957857	256160
957857	256164
957857	256173
957857	256177
957857	256183
957857	256187
957857	256193
957857	256203
957857	256209
957857	256215
957857	256221
957857	256230
957857	256235
957857	256244
957857	256250
957857	256255
957857	256263
957857	256270
957857	256277
957857	256281
957857	256286
957857	256334
957857	256345
957857	256350
957857	256361
957857	256372
957857	256379
957857	256390
957857	256400
957857	256407
957857	256412
957857	256420
957857	256426
957857	256430
957857	256438
957857	256443
957857	256447
957857	256453
957857	256457
957857	256465
957857	256469
957857	256474
957857	256478
957857	256485
957857	256495
957857	256499
957857	256505
957857	256519
957857	256536
957857	256551
957857	256563
957857	256573
957857	256579
957857	256586
957857	256597
957859	256607
957859	256612
957859	256623
957859	256641
957859	256648
957859	256656
957859	256662
957859	256668
957859	256672
957859	256677
957859	256681
957859	256685
957859	256700
957859	256709
957859	256714
957859	256719
957859	256730
957859	256735
957859	256739
957859	256746
957859	256752
957859	256759
957859	256763
957859	256766
957859	256772
957859	256780
957859	256785
957859	256793
957859	256799
957859	256805
957859	256814
957859	256819
957859	256831
957859	256846
957859	256862
957859	256869
957859	256877
957859	256906
957859	256918
957859	256926
957859	256932
957859	256939
957859	256943
957859	256952
957859	256958
957859	256965
957859	256971
957859	256980
957859	256985
957859	256990
957859	257002
957859	257012
957859	257030
957859	257038
957859	257043
957859	257052
957859	257060
957859	257065
957859	257074
957859	257083
957859	257087
957859	257097
957859	257105
957859	257109
957859	257115
957859	257119
957859	257126
957859	257131
957859	257140
957859	257146
957859	257153
957859	257158
957859	257163
957859	257169
957859	257175
957859	257182
957859	257189
957859	257198
957859	257228
957859	257234
957859	257241
957859	257246
957859	257253
957859	257257
957859	257263
957859	257267
957859	257280
957859	257334
957859	257341
957859	257347
957859	257358
957859	257365
957859	257370
957859	257377
957859	257381
957859	257389
957859	257409
957859	257416
957859	257423
957859	257429
957859	257435
957859	257439
957859	257443
957859	257451
957859	257457
957859	257476
957859	257600
957846	257644
957846	257692
957846	257705
957846	257710
957846	257713
957846	257718
957846	257731
957846	257736
957846	257751
957846	257758
957846	257764
957846	257769
957846	257777
957846	257781
957846	257785
957846	257808
957846	257814
957846	257820
957846	257824
957846	257829
957846	257839
957846	257846
957846	257853
957846	257860
957846	257864
957846	257869
957846	257876
957846	257880
957846	257886
957846	257892
957846	257896
957846	257905
957846	257911
957846	257915
957846	257919
957846	257934
957846	257943
957846	257962
957846	257971
957846	257986
957846	257991
957846	257996
957846	258002
957846	258016
957846	258023
957846	258029
957846	258033
957846	258038
957846	258043
957846	258054
957846	258070
957846	258082
957846	258101
957846	258130
957846	258139
957846	258150
957846	258154
957846	258161
957846	258168
957846	258172
957846	258178
957846	258182
957846	258186
957846	258192
957846	258200
957846	258204
957846	258210
957846	258214
957846	258220
957846	258226
957846	258233
957846	258240
957846	258250
957846	258255
957846	258264
957846	258283
957846	258334
957846	258347
957846	258354
957846	258358
957846	258363
957846	258369
957846	258375
957846	258379
957846	258386
957846	258391
957846	258396
957846	258403
957846	258408
957846	258413
957846	258417
957846	258427
957846	258434
957846	258441
957846	258447
957846	258451
957846	258457
957846	258462
957846	258470
957846	258477
957846	258483
957846	258487
957846	258497
957846	258503
957846	258512
957846	258525
957846	258536
957846	258541
957846	258558
957846	258568
957846	258579
957846	258586
957846	258602
957857	258608
957857	258613
957857	258618
957857	258626
957857	258630
957857	258643
957857	258652
957857	258656
957857	258662
957857	258691
957857	258732
957857	258740
957857	258747
957857	258782
957857	258803
957857	258832
957857	258852
957857	258860
957857	258867
957857	258879
957857	258887
957857	258899
957857	258929
957857	258941
957857	258954
957857	258969
957857	259005
957857	259016
957857	259021
957857	259028
957857	259033
957857	259060
957857	259075
957857	259103
957857	259121
957857	259151
957857	259162
957857	259167
957857	259176
957857	259183
957857	259207
957857	259214
957857	259218
957857	259223
957857	259227
957857	259239
957857	259258
957857	259269
957857	259277
957857	259281
957857	259349
957857	259361
957857	259366
957857	259373
957857	259377
957857	259382
957857	259389
957857	259397
957857	259403
957857	259409
957857	259413
957857	259419
957857	259423
957857	259428
957857	259436
957857	259442
957857	259447
957857	259461
957857	259469
957857	259474
957857	259481
957857	259498
957857	259522
957857	259528
957857	259538
957857	259547
957857	259551
957857	259557
957857	259561
957857	259566
957857	259570
957857	259575
957857	259580
957857	259589
957857	259595
957857	259603
957845	259608
957845	259612
957845	259619
957845	259623
957845	259627
957845	259634
957845	259640
957845	259644
957845	259653
957845	259657
957845	259663
957845	259667
957845	259673
957845	259677
957845	259683
957845	259688
957845	259692
957845	259701
957845	259705
957845	259711
957845	259716
957845	259720
957845	259726
957845	259733
957845	259737
957845	259745
957845	259749
957845	259753
957845	259763
957845	259769
957845	259778
957845	259790
957845	259798
957845	259803
957845	259807
957845	259818
957845	259825
957845	259833
957845	259838
957845	259852
957845	259859
957845	259863
957845	259885
957845	259891
957845	259900
957845	259916
957845	259932
957845	259939
957845	259951
957845	259967
957845	259993
957845	260001
957845	260006
957845	260016
957845	260021
957845	260030
957845	260034
957845	260038
957845	260045
957845	260050
957845	260054
957845	260061
957845	260066
957845	260071
957845	260075
957845	260083
957845	260090
957845	260095
957845	260102
957845	260107
957845	260112
957845	260117
957845	260123
957845	260128
957845	260134
957845	260149
957845	260161
957845	260166
957845	260174
957845	260182
957845	260188
957845	260193
957845	260225
957845	260250
957845	260260
957845	260267
957845	260338
957845	260348
957845	260354
957845	260357
957845	260370
957845	260380
957845	260383
957845	260387
957845	260402
957845	260411
957845	260430
957845	260455
957845	260540
957845	260569
957845	260622
957864	260674
957864	260723
957864	260766
957864	260793
957864	260840
957864	260869
957864	260894
957864	260954
957864	261006
957864	261066
957864	261108
957864	261153
957864	261188
957864	261247
957864	261305
957864	261311
957864	261319
957864	261332
957864	261347
957864	261357
957864	261361
957864	261366
957864	261370
957864	261375
957864	261380
957864	261388
957864	261395
957864	261401
957864	261406
957864	261410
957864	261417
957864	261422
957864	261426
957864	261432
957864	261437
957864	261440
957864	261445
957864	261449
957864	261455
957864	261458
957864	261463
957864	261467
957864	261472
957864	261476
957864	261482
957864	261487
957864	261491
957864	261507
957864	261523
957864	261528
957864	261533
957864	261539
957864	261544
957864	261550
957864	261573
957864	261592
957855	261610
957855	261632
957855	261649
957855	261670
957855	261693
957855	261721
957855	261743
957855	261758
957855	261777
957855	261810
957855	261832
957855	261853
957855	261876
957855	261890
957855	261943
957855	261960
957855	261980
957855	261993
957855	262001
957855	262026
957855	262055
957855	262075
957855	262101
957855	262111
957855	262134
957855	262152
957855	262173
957855	262195
957855	262227
957855	262238
957855	262261
957855	262296
957855	262332
957855	262373
957855	262406
957855	262449
957855	262459
957855	262473
957855	262478
957855	262485
957855	262542
957855	262562
957855	262625
957855	262673
957855	262701
957855	262728
957855	262744
957855	262766
957855	262796
957855	262830
957855	262869
957855	262880
957855	262890
957855	262911
957855	262924
957855	262935
957855	262952
957855	262963
957855	262972
957855	262991
957855	263009
957855	263022
957855	263031
957855	263046
957855	263057
957855	263069
957855	263075
957855	263084
957855	263112
957855	263140
957855	263158
957855	263183
957855	263219
957855	263230
957855	263252
957855	263277
957855	263294
957855	263365
957855	263388
957855	263395
957855	263409
957855	263444
957855	263470
957855	263480
957855	263491
957855	263537
957855	263564
957855	263618
957856	263647
957856	263670
957856	263684
957856	263713
957856	263749
957856	263774
957856	263806
957856	263838
957856	263885
957856	263931
957856	263970
957856	264009
957856	264045
957856	264090
957856	264128
957856	264156
957856	264204
957856	264246
957856	264281
957856	264349
957856	264377
957856	264426
957856	264464
957856	264486
957856	264547
957856	264591
957856	264633
957854	264680
957854	264715
957854	264754
957854	264793
957854	264823
957854	264840
957854	264872
957854	264905
957854	264953
957854	264982
957854	265010
957854	265039
957854	265067
957854	265075
957854	265097
957854	265116
957854	265132
957854	265162
957854	265171
957854	265175
957854	265181
957854	265186
957854	265190
957854	265194
957854	265225
957854	265238
957854	265245
957854	265258
957854	265264
957854	265270
957854	265276
957854	265282
957854	265329
957854	265333
957854	265343
957854	265351
957854	265358
957854	265363
957854	265368
957854	265374
957854	265378
957854	265385
957854	265393
957854	265410
957854	265428
957854	265433
957854	265441
957854	265464
957854	265473
957854	265479
957854	265487
957854	265506
957854	265510
957854	265531
957854	265536
957854	265546
957854	265553
957854	265566
957854	265581
957854	265590
957854	265595
957854	265604
957854	265608
957854	265613
957854	265617
957854	265626
957854	265630
957854	265639
957854	265650
957854	265656
957854	265661
957854	265668
957854	265672
957854	265677
957854	265681
957854	265685
957854	265697
957854	265702
957854	265707
957854	265713
957854	265718
957854	265724
957854	265729
957854	265733
957854	265736
957854	265742
957854	265745
957854	265754
957854	265769
957854	265776
957854	265783
957854	265793
957854	265800
957854	265811
957854	265820
957854	265834
957854	265838
957854	265842
957854	265849
957854	265857
957854	265864
957854	265869
957854	265876
957854	265884
957854	265890
957854	265901
957854	265909
957854	265913
957854	265918
957854	265923
957854	265927
957854	265932
957854	265938
957854	265947
957854	265955
957854	265960
957854	265964
957854	265970
957854	265975
957854	265985
957854	266011
957854	266029
957854	266052
957854	266099
957854	266145
957854	266155
957854	266174
957854	266188
957854	266194
957854	266198
957854	266206
957854	266214
957854	266218
957854	266224
957854	266229
957854	266234
957854	266238
957854	266242
957854	266246
957854	266256
957854	266265
957854	266270
957854	266277
957854	266281
957854	266285
957854	266346
957854	266374
957854	266379
957854	266387
957854	266395
957854	266404
957854	266410
957854	266414
957854	266419
957854	266428
957854	266432
957854	266443
957854	266447
957854	266453
957854	266458
957854	266464
957854	266469
957854	266473
957854	266480
957854	266485
957854	266490
957854	266497
957854	266501
957854	266505
957854	266521
957854	266543
957854	266550
957854	266554
957854	266562
957854	266567
957854	266573
957854	266578
957854	266583
957854	266588
957854	266599
957849	266607
957849	266613
957849	266620
957849	266625
957849	266630
957849	266640
957849	266646
957849	266658
957849	266663
957849	266669
957849	266674
957849	266683
957849	266689
957849	266693
957849	266703
957849	266710
957849	266716
957849	266720
957849	266726
957849	266732
957849	266737
957849	266747
957849	266753
957849	266761
957849	266765
957849	266770
957849	266777
957849	266782
957849	266786
957849	266796
957849	266806
957849	266812
957849	266817
957849	266821
957849	266828
957849	266833
957849	266843
957849	266849
957849	266859
957849	266863
957849	266871
957849	266877
957849	266882
957849	266890
957849	266896
957849	266906
957849	266910
957849	266916
957849	266920
957849	266926
957849	266934
957849	266939
957849	266943
957849	266951
957849	266957
957849	266963
957849	266969
957849	266974
957849	266980
957849	266989
957849	267014
957849	267034
957849	267060
957849	267081
957849	267097
957849	267104
957849	267108
957849	267112
957849	267116
957849	267128
957849	267133
957849	267140
957849	267148
957849	267155
957849	267161
957849	267166
957849	267173
957849	267177
957849	267185
957849	267192
957849	267211
957849	267216
957849	267220
957849	267225
957849	267230
957849	267236
957849	267245
957849	267249
957849	267253
957849	267260
957849	267265
957849	267269
957849	267277
957849	267282
957849	267329
957849	267337
957849	267345
957849	267355
957849	267358
957849	267363
957849	267368
957849	267375
957849	267380
957849	267387
957849	267391
957849	267396
957849	267404
957849	267437
957849	267453
957849	267461
957849	267465
957849	267470
957849	267476
957849	267480
957849	267486
957849	267491
957849	267501
957849	267518
957849	267528
957849	267535
957849	267543
957849	267547
957849	267551
957849	267557
957849	267562
957849	267568
957849	267574
957849	267579
957849	267583
957849	267594
957849	267598
957858	267606
957858	267612
957858	267620
957858	267628
957858	267638
957858	267655
957858	267664
957858	267669
957858	267674
957858	267680
957858	267685
957858	267691
957858	267702
957858	267714
957858	267719
957858	267724
957858	267733
957858	267739
957858	267747
957858	267752
957858	267758
957858	267764
957858	267776
957858	267787
957858	267796
957858	267802
957858	267807
957858	267813
957858	267819
957858	267826
957858	267830
957858	267835
957858	267839
957858	267861
957858	267873
957858	267878
957858	267883
957858	267886
957858	267893
957858	267907
957858	267914
957858	267918
957858	267925
957858	267929
957858	267935
957858	267939
957858	267948
957858	267961
957858	267971
957858	267975
957858	267982
957858	267987
957858	267993
957858	268002
957858	268007
957858	268013
957858	268017
957858	268022
957858	268029
957858	268034
957858	268043
957858	268049
957858	268056
957858	268065
957858	268069
957858	268079
957858	268083
957858	268091
957858	268096
957858	268105
957858	268110
957858	268114
957858	268121
957858	268126
957858	268130
957858	268136
957858	268142
957858	268149
957858	268155
957858	268160
957858	268166
957858	268172
957858	268177
957858	268182
957858	268190
957858	268199
957858	268204
957858	268212
957858	268216
957858	268222
957858	268230
957858	268236
957858	268241
957858	268249
957858	268255
957858	268264
957858	268273
957858	268280
957858	268287
957858	268340
957858	268348
957858	268356
957858	268361
957858	268365
957858	268369
957858	268375
957858	268380
957858	268385
957858	268389
957858	268395
957858	268402
957858	268409
957858	268414
957858	268419
957858	268423
957858	268431
957858	268437
957858	268445
957858	268460
957858	268485
957858	268496
957858	268548
957858	268555
957858	268564
957858	268574
957858	268584
957858	268589
957858	268596
957858	268602
957859	268612
957859	268619
957859	268623
957859	268628
957859	268632
957859	268636
957859	268641
957859	268645
957859	268651
957859	268656
957859	268660
957859	268666
957859	268671
957859	268676
957859	268680
957859	268686
957859	268690
957859	268703
957859	268718
957859	268726
957859	268734
957859	268740
957859	268746
957859	268751
957859	268756
957859	268765
957859	268770
957859	268777
957859	268784
957859	268804
957859	268823
957859	268834
957859	268847
957859	268856
957859	268860
957859	268864
957859	268869
957859	268879
957859	268888
957859	268894
957859	268903
957859	268909
957859	268913
957859	268918
957859	268926
957859	268933
957859	268937
957859	268948
957859	268952
957859	268957
957859	268961
957859	268968
957859	268974
957859	268981
957859	268987
957859	268991
957859	268999
957859	269007
957859	269014
957859	269019
957859	269027
957859	269032
957859	269036
957859	269045
957859	269052
957859	269057
957859	269065
957859	269071
957859	269075
957859	269081
957859	269085
957859	269106
957859	269131
957859	269153
957859	269180
957859	269215
957859	269221
957859	269226
957859	269231
957859	269235
957859	269241
957859	269245
957859	269252
957859	269258
957859	269264
957859	269271
957859	269280
957859	269285
957859	269334
957859	269339
957859	269348
957859	269354
957859	269359
957859	269363
957859	269367
957859	269371
957859	269378
957859	269393
957859	269402
957859	269409
957859	269414
957859	269418
957859	269424
957859	269431
957859	269437
957859	269442
957859	269449
957859	269455
957859	269460
957859	269464
957859	269469
957859	269481
957859	269506
957859	269551
957859	269563
957859	269567
957859	269572
957859	269583
957859	269590
957859	269596
957859	269605
957856	269609
957856	269613
957856	269618
957856	269622
957856	269629
957856	269634
957856	269638
957856	269645
957856	269652
957856	269658
957856	269662
957856	269674
957856	269681
957856	269689
957856	269693
957856	269701
957856	269718
957856	269722
957856	269728
957856	269732
957856	269739
957856	269744
957856	269751
957856	269759
957856	269768
957856	269773
957856	269783
957856	269801
957856	269806
957856	269810
957856	269826
957856	269835
957856	269848
957856	269868
957856	269873
957856	269879
957856	269884
957856	269895
957856	269906
957856	269918
957856	269923
957856	269927
957856	269939
957856	269943
957856	269949
957856	269953
957856	269958
957856	269965
957856	269971
957856	269976
957856	269984
957856	269990
957856	269996
957856	270002
957856	270009
957856	270018
957856	270026
957856	270031
957856	270042
957856	270050
957856	270057
957856	270064
957856	270085
957856	270117
957856	270134
957856	270142
957856	270151
957856	270156
957856	270161
957856	270168
957856	270172
957856	270176
957856	270182
957856	270188
957856	270192
957856	270201
957856	270211
957856	270216
957856	270222
957856	270231
957856	270238
957856	270246
957856	270251
957856	270257
957856	270264
957856	270268
957856	270354
957856	270369
957856	270382
957856	270387
957856	270395
957856	270401
957856	270407
957856	270410
957856	270415
957856	270425
957856	270428
957856	270434
957856	270437
957856	270441
957856	270453
957856	270460
957856	270468
957856	270472
957856	270481
957856	270489
957856	270493
957856	270502
957856	270508
957856	270511
957856	270531
957856	270539
957856	270543
957856	270552
957856	270556
957856	270562
957856	270565
957856	270571
957856	270575
957856	270580
957856	270585
957856	270590
957856	270603
957849	270609
957849	270614
957849	270618
957849	270621
957849	270626
957849	270632
957849	270637
957849	270642
957849	270647
957849	270651
957849	270658
957849	270662
957849	270668
957849	270672
957849	270677
957849	270681
957849	270684
957849	270690
957849	270700
957849	270704
957849	270709
957849	270712
957849	270719
957849	270722
957849	270729
957849	270733
957849	270737
957849	270741
957849	270745
957849	270752
957849	270759
957849	270764
957849	270769
957849	270776
957849	270780
957849	270783
957849	270786
957849	270792
957849	270797
957849	270801
957849	270806
957849	270812
957849	270818
957849	270822
957849	270828
957849	270832
957849	270838
957849	270842
957849	270848
957849	270856
957849	270859
957849	270864
957849	270868
957849	270875
957849	270880
957849	270884
957849	270890
957849	270894
957849	270903
957849	270909
957849	270917
957849	270926
957849	270937
957849	270942
957849	270949
957849	270953
957849	270956
957849	270960
957849	270964
957849	270973
957849	270977
957849	270983
957849	270987
957849	270991
957849	270997
957849	271003
957849	271008
957849	271024
957849	271061
957849	271086
957849	271099
957849	271124
957849	271128
957849	271141
957849	271153
957849	271158
957849	271162
957849	271169
957849	271174
957849	271179
957849	271185
957849	271189
957849	271217
957849	271227
957849	271243
957849	271254
957849	271261
957849	271266
957849	271286
957849	271359
957849	271381
957849	271390
957849	271395
957849	271402
957849	271406
957849	271410
957849	271414
957849	271421
957849	271425
957849	271429
957849	271434
957849	271441
957849	271445
957849	271454
957849	271459
957849	271469
957849	271474
957849	271480
957849	271484
957849	271490
957849	271494
957849	271506
957849	271524
957849	271529
957849	271535
957849	271540
957849	271547
957849	271551
957849	271556
957849	271561
957849	271570
957849	271590
957858	271614
957858	271624
957858	271629
957858	271634
957858	271641
957858	271645
957858	271653
957858	271657
957858	271662
957858	271666
957858	271670
957858	271676
957858	271684
957858	271689
957858	271695
957858	271705
957858	271711
957858	271725
957858	271732
957858	271737
957858	271742
957858	271746
957858	271752
957858	271757
957858	271763
957858	271770
957858	271785
957858	271795
957858	271814
957858	271823
957858	271828
957858	271836
957858	271840
957858	271857
957858	271878
957858	271892
957858	271897
957858	271906
957858	271912
957858	271921
957858	271929
957858	271934
957858	271939
957858	271944
957858	271951
957858	271956
957858	271963
957858	271970
957858	271976
957858	271980
957858	271987
957858	271993
957858	271998
957858	272003
957858	272012
957858	272020
957858	272027
957858	272031
957858	272035
957858	272040
957858	272044
957858	272052
957858	272061
957858	272067
957858	272073
957858	272077
957858	272083
957858	272087
957858	272092
957858	272104
957858	272109
957858	272113
957858	272121
957858	272126
957858	272134
957858	272144
957858	272152
957858	272156
957858	272161
957858	272168
957858	272175
957858	272184
957858	272189
957858	272194
957858	272209
957858	272216
957858	272228
957858	272248
957858	272259
957858	272264
957858	272272
957858	272278
957858	272282
957858	272330
957858	272338
957858	272344
957858	272355
957858	272362
957858	272370
957858	272375
957858	272380
957858	272391
957858	272396
957858	272405
957858	272410
957858	272413
957858	272421
957858	272427
957858	272439
957858	272450
957858	272464
957858	272469
957858	272474
957858	272478
957858	272485
957858	272490
957858	272494
957858	272506
957858	272523
957858	272542
957858	272548
957858	272551
957858	272559
957858	272563
957858	272568
957858	272575
957858	272580
957858	272589
957858	272597
957858	272612
957855	272630
957855	272648
957855	272658
957855	272664
957855	272671
957855	272675
957855	272683
957855	272698
957855	272709
957855	272714
957855	272718
957855	272723
957855	272727
957855	272732
957855	272739
957855	272747
957855	272753
957855	272757
957855	272763
957855	272768
957855	272776
957855	272783
957855	272792
957855	272805
957855	272814
957855	272819
957855	272826
957855	272830
957855	272839
957855	272845
957855	272850
957855	272857
957855	272863
957855	272867
957855	272873
957855	272879
957855	272886
957855	272891
957855	272896
957855	272906
957855	272911
957855	272915
957855	272921
957855	272925
957855	272935
957855	272953
957855	272959
957855	272966
957855	272974
957855	272982
957855	272988
957855	273021
957855	273047
957855	273055
957855	273060
957855	273067
957855	273071
957855	273078
957855	273083
957855	273099
957855	273109
957855	273114
957855	273121
957855	273129
957855	273141
957855	273146
957855	273152
957855	273157
957855	273161
957855	273166
957855	273175
957855	273179
957855	273185
957855	273190
957855	273195
957855	273210
957855	273221
957855	273226
957855	273233
957855	273238
957855	273243
957855	273247
957855	273257
957855	273267
957855	273274
957855	273279
957855	273284
957855	273337
957855	273348
957855	273355
957855	273359
957855	273362
957855	273368
957855	273375
957855	273380
957855	273385
957855	273392
957855	273398
957855	273405
957855	273411
957855	273418
957855	273422
957855	273426
957855	273432
957855	273437
957855	273441
957855	273448
957855	273454
957855	273458
957855	273465
957855	273482
957855	273494
957855	273530
957855	273539
957855	273543
957855	273559
957855	273564
957855	273570
957855	273579
957855	273590
957855	273597
957851	273610
957851	273623
957851	273631
957851	273639
957851	273643
957851	273650
957851	273656
957851	273660
957851	273665
957851	273669
957851	273677
957851	273682
957851	273691
957851	273697
957851	273704
957851	273710
957851	273714
957851	273722
957851	273736
957851	273746
957851	273752
957851	273756
957851	273762
957851	273770
957851	273777
957851	273781
957851	273787
957851	273806
957851	273811
957851	273816
957851	273824
957851	273827
957851	273833
957851	273837
957851	273841
957851	273846
957851	273853
957851	273858
957851	273862
957851	273867
957851	273875
957851	273880
957851	273900
957851	273913
957851	273921
957851	273926
957851	273930
957851	273936
957851	273941
957851	273945
957851	273958
957851	273964
957851	273969
957851	273974
957851	273979
957851	273983
957851	273988
957851	273992
957851	273997
957851	274005
957851	274010
957851	274014
957851	274023
957851	274028
957851	274032
957851	274037
957851	274041
957851	274049
957851	274053
957851	274059
957851	274064
957851	274070
957851	274076
957851	274082
957851	274091
957851	274098
957851	274106
957851	274114
957851	274119
957851	274129
957851	274134
957851	274142
957851	274146
957851	274156
957851	274162
957851	274166
957851	274171
957851	274176
957851	274181
957851	274193
957851	274213
957851	274220
957851	274228
957851	274237
957851	274242
957851	274249
957851	274256
957851	274262
957851	274267
957851	274276
957851	274281
957851	274286
957851	274354
957851	274396
957851	274405
957851	274411
957851	274424
957851	274431
957851	274435
957851	274440
957851	274444
957851	274450
957851	274455
957851	274459
957851	274465
957851	274472
957851	274478
957851	274483
957851	274488
957851	274492
957851	274496
957851	274504
957851	274534
957851	274542
957851	274546
957851	274563
957851	274572
957851	274576
957851	274581
957851	274585
957851	274593
957851	274598
957860	274607
957860	274611
957860	274616
957860	274621
957860	274627
957860	274632
957860	274640
957860	274644
957860	274651
957860	274655
957860	274663
957860	274669
957860	274674
957860	274678
957860	274685
957860	274689
957860	274693
957860	274701
957860	274705
957860	274710
957860	274718
957860	274726
957860	274732
957860	274739
957860	274743
957860	274749
957860	274754
957860	274760
957860	274765
957860	274771
957860	274781
957860	274786
957860	274794
957860	274800
957860	274808
957860	274814
957860	274818
957860	274825
957860	274831
957860	274836
957860	274841
957860	274849
957860	274858
957860	274863
957860	274867
957860	274875
957860	274887
957860	274892
957860	274897
957860	274904
957860	274911
957860	274917
957860	274922
957860	274930
957860	274937
957860	274942
957860	274946
957860	274954
957860	274959
957860	274966
957860	274970
957860	274975
957860	274979
957860	274987
957860	275000
957860	275013
957860	275017
957860	275024
957860	275028
957860	275033
957860	275038
957860	275044
957860	275048
957860	275053
957860	275058
957860	275066
957860	275073
957860	275077
957860	275084
957860	275088
957860	275098
957860	275109
957860	275115
957860	275122
957860	275127
957860	275134
957860	275143
957860	275150
957860	275154
957860	275160
957860	275164
957860	275168
957860	275177
957860	275182
957860	275186
957860	275191
957860	275204
957860	275219
957860	275224
957860	275231
957860	275237
957860	275242
957860	275249
957860	275255
957860	275261
957860	275265
957860	275270
957860	275278
957860	275282
957860	275331
957860	275344
957860	275352
957860	275358
957860	275363
957860	275368
957860	275376
957860	275381
957860	275385
957860	275391
957860	275398
957860	275405
957860	275410
957860	275418
957860	275428
957860	275436
957860	275440
957860	275445
957860	275473
957860	275484
957860	275489
957860	275497
957860	275519
957860	275525
957860	275533
957860	275541
957860	275549
957860	275553
957860	275560
957860	275564
957860	275569
957860	275573
957860	275578
957860	275584
957860	275588
957860	275596
957860	275608
945517	275615
945517	275629
945517	275635
945517	275640
945517	275651
945517	275658
945517	275666
945517	275675
945517	275679
945517	275687
945517	275692
945517	275697
945517	275705
945517	275709
945517	275718
945517	275731
945517	275735
945517	275742
945517	275746
945517	275750
945517	275765
945517	275770
945517	275777
945517	275781
945517	275788
945517	275793
945517	275800
945517	275806
945517	275814
945517	275821
945517	275827
945517	275832
945517	275836
945517	275845
945517	275854
945517	275860
945517	275865
945517	275871
945517	275878
945517	275882
945517	275892
945517	275900
945517	275907
945517	275916
945517	275922
945517	275927
945517	275933
945517	275940
945517	275949
945517	275953
945517	275957
945517	275962
945517	275967
945517	275974
945517	275979
945517	275987
945517	275991
945517	276003
945517	276009
945517	276014
945517	276018
945517	276024
945517	276028
945517	276034
945517	276038
945517	276045
945517	276050
945517	276054
945517	276060
945517	276066
945517	276073
945517	276079
945517	276085
945517	276089
945517	276100
945517	276106
945517	276111
945517	276116
945517	276120
945517	276128
945517	276136
945517	276142
945517	276148
945517	276157
945517	276161
945517	276166
945517	276170
945517	276175
945517	276179
945517	276184
945517	276197
945517	276204
945517	276208
945517	276216
945517	276221
945517	276229
945517	276233
945517	276238
945517	276243
945517	276249
945517	276259
945517	276265
945517	276269
945517	276275
945517	276282
945517	276335
945517	276345
945517	276353
945517	276358
945517	276362
945517	276367
945517	276379
945517	276388
945517	276395
945517	276407
945517	276413
945517	276422
945517	276430
945517	276435
945517	276441
945517	276453
945517	276463
945517	276469
945517	276477
945517	276483
945517	276487
945517	276494
945517	276512
945517	276518
945517	276529
945517	276539
945517	276550
945517	276554
945517	276560
945517	276572
945517	276576
945517	276581
945517	276585
945517	276589
945517	276605
627002	276610
627002	276614
627002	276619
627002	276623
627002	276633
627002	276638
627002	276644
627002	276651
627002	276656
627002	276661
627002	276670
627002	276674
627002	276680
627002	276685
627002	276693
627002	276702
627002	276712
627002	276717
627002	276722
627002	276726
627002	276730
627002	276736
627002	276740
627002	276747
627002	276753
627002	276757
627002	276763
627002	276768
627002	276772
627002	276780
627002	276784
627002	276788
627002	276793
627002	276801
627002	276809
627002	276814
627002	276823
627002	276833
627002	276853
627002	276858
627002	276866
627002	276894
627002	276923
627002	276952
627002	276966
627002	276980
627002	276984
627002	276988
627002	277000
627002	277006
627002	277016
627002	277022
627002	277027
627002	277034
627002	277042
627002	277047
627002	277052
627002	277056
627002	277062
627002	277068
627002	277074
627002	277081
627002	277089
627002	277096
627002	277105
627002	277110
627002	277114
627002	277118
627002	277126
627002	277135
627002	277139
627002	277145
627002	277151
627002	277155
627002	277160
627002	277164
627002	277168
627002	277177
627002	277183
627002	277187
627002	277192
627002	277200
627002	277204
627002	277212
627002	277218
627002	277223
627002	277229
627002	277233
627002	277238
627002	277243
627002	277247
627002	277257
627002	277263
627002	277269
627002	277277
627002	277282
627002	277353
627002	277372
627002	277378
627002	277385
627002	277394
627002	277406
627002	277411
627002	277419
627002	277427
627002	277432
627002	277438
627002	277443
627002	277449
627002	277454
627002	277458
627002	277463
627002	277471
627002	277478
627002	277482
627002	277488
627002	277492
627002	277502
627002	277537
627002	277544
627002	277553
627002	277558
627002	277562
627002	277567
627002	277572
627002	277576
627002	277590
627002	277597
627002	277606
119922	277612
119922	277616
119922	277620
119922	277632
119922	277641
119922	277656
119922	277662
119922	277666
119922	277670
119922	277679
119922	277689
119922	277699
119922	277707
119922	277714
119922	277730
119922	277739
119922	277759
119922	277779
119922	277786
119922	277792
119922	277808
119922	277816
119922	277823
119922	277831
119922	277836
119922	277846
119922	277856
119922	277862
119922	277867
119922	277871
119922	277879
119922	277885
119922	277890
119922	277895
119922	277903
119922	277909
119922	277917
119922	277923
119922	277928
119922	277936
119922	277940
119922	277944
119922	277953
119922	277959
119922	277966
119922	277970
119922	277974
119922	277981
119922	277985
119922	277989
119922	277997
119922	278002
119922	278006
119922	278014
119922	278019
119922	278023
119922	278030
119922	278036
119922	278043
119922	278049
119922	278053
119922	278057
119922	278064
119922	278069
119922	278076
119922	278080
119922	278084
119922	278088
119922	278095
119922	278105
119922	278109
119922	278114
119922	278118
119922	278125
119922	278132
119922	278140
119922	278149
119922	278156
119922	278161
119922	278170
119922	278174
119922	278182
119922	278188
119922	278192
119922	278224
119922	278253
119922	278262
119922	278270
119922	278276
119922	278282
119922	278330
119922	278336
119922	278345
119922	278353
119922	278359
119922	278363
119922	278368
119922	278373
119922	278380
119922	278387
119922	278391
119922	278395
119922	278403
119922	278408
119922	278423
119922	278437
119922	278442
119922	278454
119922	278459
119922	278463
119922	278470
119922	278475
119922	278483
119922	278487
119922	278493
119922	278499
119922	278515
119922	278529
119922	278537
119922	278542
119922	278550
119922	278557
119922	278564
119922	278568
119922	278581
119922	278588
119922	278596
119922	278604
443951	278610
443951	278614
443951	278622
443951	278627
443951	278632
443951	278638
443951	278642
443951	278647
443951	278654
443951	278658
443951	278667
443951	278672
443951	278679
443951	278687
443951	278691
443951	278700
443951	278704
443951	278709
443951	278716
443951	278720
443951	278726
443951	278732
443951	278737
443951	278741
443951	278750
443951	278754
443951	278764
443951	278770
443951	278777
443951	278782
443951	278788
443951	278794
443951	278802
443951	278806
443951	278810
443951	278817
443951	278821
443951	278827
443951	278833
443951	278837
443951	278849
443951	278854
443951	278858
443951	278864
443951	278868
443951	278874
443951	278885
443951	278895
443951	278904
443951	278909
443951	278914
443951	278920
443951	278925
443951	278930
443951	278934
443951	278944
443951	278952
443951	278957
443951	278961
443951	278966
443951	278971
443951	278979
443951	278983
443951	278988
443951	278992
443951	279001
443951	279007
443951	279013
443951	279017
443951	279023
443951	279027
443951	279045
443951	279052
443951	279058
443951	279064
443951	279069
443951	279076
443951	279080
443951	279087
443951	279090
443951	279105
443951	279115
443951	279122
443951	279125
443951	279130
443951	279135
443951	279152
443951	279158
443951	279164
443951	279170
443951	279174
443951	279181
443951	279186
443951	279191
443951	279208
443951	279217
443951	279222
443951	279227
443951	279235
443951	279239
443951	279246
443951	279249
443951	279254
443951	279258
443951	279265
443951	279268
443951	279278
443951	279287
443951	279339
443951	279349
443951	279353
443951	279358
443951	279363
443951	279367
443951	279371
443951	279382
443951	279389
443951	279395
443951	279405
443951	279409
443951	279418
443951	279422
443951	279427
443951	279431
443951	279435
443951	279442
443951	279449
443951	279453
443951	279458
443951	279463
443951	279469
443951	279473
443951	279479
443951	279485
443951	279489
443951	279498
443951	279506
443951	279524
443951	279530
443951	279537
443951	279543
443951	279552
443951	279559
443951	279563
443951	279567
443951	279572
443951	279577
443951	279584
443951	279593
443951	279602
957848	279608
957848	279613
957848	279619
957848	279624
957848	279629
957848	279634
957848	279641
957848	279652
957848	279657
957848	279662
957848	279667
957848	279673
957848	279677
957848	279686
957848	279691
957848	279695
957848	279705
957848	279709
957848	279715
957848	279720
957848	279726
957848	279730
957848	279738
957848	279743
957848	279747
957848	279754
957848	279761
957848	279766
957848	279771
957848	279779
957848	279785
957848	279790
957848	279794
957848	279811
957848	279820
957848	279827
957848	279835
957848	279844
957848	279854
957848	279859
957848	279863
957848	279868
957848	279874
957848	279881
957848	279888
957848	279902
957848	279907
957848	279911
957848	279919
957848	279924
957848	279928
957848	279936
957848	279940
957848	279944
957848	279951
957848	279955
957848	279960
957848	279964
957848	279971
957848	279976
957848	279982
957848	279987
957848	279992
957848	280001
957848	280009
957848	280014
957848	280018
957848	280022
957848	280027
957848	280032
957848	280037
957848	280041
957848	280056
957848	280060
957848	280066
957848	280070
957848	280076
957848	280081
957848	280088
957848	280093
957848	280102
957848	280109
957848	280114
957848	280119
957848	280129
957848	280136
957848	280144
957848	280151
957848	280155
957848	280160
957848	280167
957848	280172
957848	280178
957848	280182
957848	280188
957848	280195
957848	280205
957848	280210
957848	280219
957848	280223
957848	280227
957848	280234
957848	280238
957848	280244
957848	280248
957848	280257
957848	280262
957848	280267
957848	280341
957848	280349
957848	280359
957848	280363
957848	280369
957848	280377
957848	280391
957848	280395
957848	280403
957848	280407
957848	280418
957848	280427
957848	280432
957848	280437
957848	280441
957848	280452
957848	280462
957848	280469
957848	280473
957848	280481
957848	280485
957848	280489
957848	280496
957848	280500
957848	280504
957848	280508
957848	280512
957848	280522
957848	280536
957848	280546
957848	280552
957848	280558
957848	280561
957848	280565
957848	280569
957848	280573
957848	280579
957848	280583
957848	280587
957848	280594
957848	280604
957855	280608
957855	280613
957855	280616
957855	280620
957855	280627
957855	280631
957855	280637
957855	280641
957855	280645
957855	280652
957855	280658
957855	280662
957855	280666
957855	280670
957855	280678
957855	280683
957855	280687
957855	280691
957855	280703
957855	280707
957855	280711
957855	280718
957855	280723
957855	280726
957855	280730
957855	280736
957855	280739
957855	280745
957855	280752
957855	280756
957855	280763
957855	280768
957855	280777
957855	280782
957855	280787
957855	280800
957855	280805
957855	280808
957855	280814
957855	280820
957855	280825
957855	280828
957855	280832
957855	280836
957855	280839
957855	280845
957855	280852
957855	280858
957855	280861
957855	280865
957855	280869
957855	280874
957855	280878
957855	280882
957855	280886
957855	280895
957855	280901
957855	280907
957855	280911
957855	280917
957855	280921
957855	280925
957855	280929
957855	280939
957855	280944
957855	280952
957855	280957
957855	280961
957855	280964
957855	280971
957855	280978
957855	280981
957855	280984
957855	280989
957855	280993
957855	281004
957855	281008
957855	281013
957855	281018
957855	281022
957855	281027
957855	281031
957855	281035
957855	281042
957855	281053
957855	281056
957855	281060
957855	281070
957855	281079
957855	281088
957855	281095
957855	281107
957855	281111
957855	281117
957855	281124
957855	281129
957855	281138
957855	281149
957855	281160
957855	281167
957855	281172
957855	281177
957855	281181
957855	281187
957855	281192
957855	281196
957855	281208
957855	281212
957855	281220
957855	281224
957855	281230
957855	281237
957855	281241
957855	281250
957855	281255
957855	281264
957855	281268
957855	281273
957855	281279
957855	281336
957855	281353
957855	281359
957855	281363
957855	281371
957855	281376
957855	281381
957855	281389
957855	281395
957855	281402
957855	281407
957855	281411
957855	281422
957855	281427
957855	281435
957855	281440
957855	281444
957855	281456
957855	281464
957855	281469
957855	281473
957855	281481
957855	281485
957855	281490
957855	281494
957855	281528
957855	281535
957855	281540
957855	281545
957855	281563
957855	281568
957855	281576
957855	281581
957855	281585
957855	281589
957855	281602
957857	281608
957857	281613
957857	281621
957857	281626
957857	281633
957857	281644
957857	281654
957857	281663
957857	281672
957857	281676
957857	281683
957857	281688
957857	281693
957857	281712
957857	281723
957857	281728
957857	281736
957857	281741
957857	281750
957857	281763
957857	281768
957857	281776
957857	281782
957857	281787
957857	281795
957857	281802
957857	281808
957857	281812
957857	281818
957857	281825
957857	281829
957857	281835
957857	281839
957857	281848
957857	281856
957857	281860
957857	281865
957857	281869
957857	281878
957857	281884
957857	281889
957857	281894
957857	281902
957857	281907
957857	281912
957857	281922
957857	281928
957857	281934
957857	281942
957857	281951
957857	281956
957857	281960
957857	281967
957857	281971
957857	281976
957857	281981
957857	281987
957857	281991
957857	282000
957857	282006
957857	282014
957857	282021
957857	282026
957857	282033
957857	282037
957857	282045
957857	282049
957857	282056
957857	282061
957857	282065
957857	282069
957857	282074
957857	282081
957857	282087
957857	282093
957857	282103
957857	282108
957857	282113
957857	282121
957857	282126
957857	282130
957857	282137
957857	282142
957857	282147
957857	282155
957857	282160
957857	282166
957857	282170
957857	282176
957857	282185
957857	282192
957857	282199
957857	282207
957857	282211
957857	282215
957857	282221
957857	282225
957857	282230
957857	282234
957857	282239
957857	282243
957857	282247
957857	282256
957857	282260
957857	282265
957857	282277
957857	282282
957857	282289
957857	282340
957857	282353
957857	282360
957857	282367
957857	282373
957857	282378
957857	282386
957857	282391
957857	282397
957857	282408
957857	282413
957857	282421
957857	282425
957857	282432
957857	282436
957857	282441
957857	282448
957857	282456
957857	282461
957857	282467
957857	282474
957857	282478
957857	282482
957857	282490
957857	282497
957857	282504
957857	282513
957857	282521
957857	282527
957857	282533
957857	282542
957857	282549
957857	282553
957857	282560
957857	282564
957857	282572
957857	282578
957857	282586
957857	282595
957857	282602
957858	282612
957858	282621
957858	282626
957858	282631
957858	282640
957858	282645
957858	282652
957858	282656
957858	282662
957858	282668
957858	282673
957858	282677
957858	282685
957858	282694
957858	282702
957858	282710
957858	282714
957858	282720
957858	282725
957858	282729
957858	282736
957858	282740
957858	282747
957858	282751
957858	282756
957858	282760
957858	282766
957858	282776
957858	282780
957858	282785
957858	282789
957858	282800
957858	282809
957858	282815
957858	282824
957858	282830
957858	282842
957858	282852
957858	282861
957858	282869
957858	282875
957858	282879
957858	282888
957858	282893
957858	282901
957858	282906
957858	282911
957858	282915
957858	282926
957858	282930
957858	282934
957858	282942
957858	282949
957858	282958
957858	282967
957858	282973
957858	282979
957858	282986
957858	282991
957858	282997
957858	283001
957858	283006
957858	283010
957858	283028
957858	283032
957858	283038
957858	283043
957858	283061
957858	283065
957858	283070
957858	283078
957858	283085
957858	283095
957858	283105
957858	283108
957858	283115
957858	283119
957858	283124
957858	283130
957858	283140
957858	283146
957858	283153
957858	283158
957858	283163
957858	283169
957858	283176
957858	283182
957858	283187
957858	283196
957858	283203
957858	283211
957858	283218
957858	283222
957858	283228
957858	283233
957858	283237
957858	283247
957858	283252
957858	283258
957858	283267
957858	283277
957858	283282
957858	283331
957858	283340
957858	283346
957858	283359
957858	283365
957858	283372
957858	283378
957858	283382
957858	283393
957858	283401
957858	283405
957858	283410
957858	283415
957858	283423
957858	283430
957858	283434
957858	283438
957858	283446
957858	283452
957858	283457
957858	283463
957858	283468
957858	283473
957858	283480
957858	283485
957858	283491
957858	283501
957858	283514
957858	283530
957858	283535
957858	283545
957858	283551
957858	283556
957858	283562
957858	283567
957858	283576
957858	283584
957858	283591
957858	283597
957848	283607
957848	283612
957848	283619
957848	283626
957848	283630
957848	283639
957848	283645
957848	283653
957848	283658
957848	283663
957848	283674
957848	283680
957848	283688
957848	283693
957848	283709
957848	283716
957848	283719
957848	283725
957848	283733
957848	283738
957848	283748
957848	283755
957848	283762
957848	283766
957848	283771
957848	283781
957848	283791
957848	283798
957848	283804
957848	283810
957848	283815
957848	283821
957848	283828
957848	283833
957848	283838
957848	283842
957848	283861
957848	283866
957848	283872
957848	283880
957848	283896
957848	283911
957848	283915
957848	283923
957848	283929
957848	283936
957848	283943
957848	283947
957848	283955
957848	283959
957848	283965
957848	283969
957848	283975
957848	283981
957848	283986
957848	283991
957848	283997
957848	284001
957848	284006
957848	284015
957848	284022
957848	284027
957848	284033
957848	284037
957848	284044
957848	284048
957848	284052
957848	284056
957848	284063
957848	284072
957848	284077
957848	284081
957848	284087
957848	284093
957848	284102
957848	284109
957848	284114
957848	284118
957848	284125
957848	284130
957848	284135
957848	284142
957848	284147
957848	284156
957848	284163
957848	284170
957848	284174
957848	284182
957848	284187
957848	284192
957848	284206
957848	284211
957848	284218
957848	284228
957848	284233
957848	284238
957848	284243
957848	284251
957848	284259
957848	284264
957848	284269
957848	284278
957848	284285
957848	284335
957848	284351
957848	284363
957848	284367
957848	284378
957848	284385
957848	284390
957848	284395
957848	284402
957848	284406
957848	284411
957848	284416
957848	284432
957848	284439
957848	284443
957848	284450
957848	284455
957848	284459
957848	284468
957848	284474
957848	284480
957848	284484
957848	284490
957848	284494
957848	284507
957848	284529
957848	284535
957848	284544
957848	284549
957848	284554
957848	284561
957848	284568
957848	284576
957848	284581
957848	284585
957848	284596
957848	284604
957858	284608
957858	284628
957858	284634
957858	284640
957858	284646
957858	284653
957858	284658
957858	284663
957858	284674
957858	284683
957858	284691
957858	284699
957858	284703
957858	284708
957858	284712
957858	284716
957858	284724
957858	284732
957858	284737
957858	284741
957858	284748
957858	284753
957858	284758
957858	284762
957858	284770
957858	284775
957858	284780
957858	284785
957858	284789
957858	284798
957858	284802
957858	284810
957858	284817
957858	284826
957858	284834
957858	284844
957858	284850
957858	284856
957858	284860
957858	284865
957858	284869
957858	284879
957858	284885
957858	284893
957858	284899
957858	284906
957858	284912
957858	284916
957858	284940
957858	284945
957858	284951
957858	284957
957858	284961
957858	284966
957858	284970
957858	284979
957858	284984
957858	284989
957858	284994
957858	285001
957858	285017
957858	285022
957858	285034
957858	285042
957858	285048
957858	285052
957858	285057
957858	285065
957858	285072
957858	285077
957858	285082
957858	285086
957858	285091
957858	285101
957858	285106
957858	285113
957858	285116
957858	285123
957858	285132
957858	285139
957858	285146
957858	285154
957858	285158
957858	285163
957858	285168
957858	285174
957858	285181
957858	285187
957858	285191
957858	285200
957858	285204
957858	285209
957858	285213
957858	285221
957858	285232
957858	285237
957858	285245
957858	285251
957858	285258
957858	285266
957858	285271
957858	285278
957858	285282
957858	285346
957858	285360
957858	285364
957858	285369
957858	285379
957858	285384
957858	285388
957858	285394
957858	285400
957858	285407
957858	285412
957858	285417
957858	285426
957858	285434
957858	285438
957858	285447
957858	285454
957858	285460
957858	285464
957858	285476
957858	285483
957858	285488
957858	285492
957858	285497
957858	285533
957858	285540
957858	285547
957858	285552
957858	285557
957858	285562
957858	285566
957858	285571
957858	285578
957858	285583
957858	285592
957858	285605
957852	285611
957852	285622
957852	285628
957852	285636
957852	285644
957852	285652
957852	285656
957852	285661
957852	285671
957852	285677
957852	285684
957852	285691
957852	285696
957852	285703
957852	285708
957852	285717
957852	285725
957852	285736
957852	285741
957852	285745
957852	285750
957852	285761
957852	285768
957852	285776
957852	285781
957852	285785
957852	285791
957852	285800
957852	285806
957852	285810
957852	285815
957852	285820
957852	285828
957852	285834
957852	285837
957852	285845
957852	285856
957852	285863
957852	285867
957852	285874
957852	285881
957852	285888
957852	285893
957852	285897
957852	285908
957852	285914
957852	285918
957852	285932
957852	285940
957852	285945
957852	285952
957852	285956
957852	285962
957852	285966
957852	285971
957852	285975
957852	285980
957852	285987
957852	285996
957852	286001
957852	286005
957852	286013
957852	286018
957852	286023
957852	286029
957852	286034
957852	286043
957852	286049
957852	286056
957852	286061
957852	286066
957852	286074
957852	286080
957852	286086
957852	286089
957852	286101
957852	286109
957852	286113
957852	286119
957852	286125
957852	286130
957852	286136
957852	286141
957852	286145
957852	286153
957852	286159
957852	286165
957852	286169
957852	286174
957852	286179
957852	286183
957852	286189
957852	286197
957852	286221
957852	286231
957852	286242
957852	286247
957852	286256
957852	286262
957852	286268
957852	286274
957852	286281
957852	286285
957852	286333
957852	286346
957852	286354
957852	286358
957852	286364
957852	286368
957852	286375
957852	286383
957852	286396
957852	286403
957852	286407
957852	286412
957852	286418
957852	286427
957852	286433
957852	286437
957852	286443
957852	286450
957852	286454
957852	286463
957852	286467
957852	286472
957852	286477
957852	286481
957852	286490
957852	286497
957852	286503
957852	286507
957852	286515
957852	286519
957852	286532
957852	286543
957852	286551
957852	286560
957852	286565
957852	286575
957852	286581
957852	286585
957852	286589
957852	286597
957857	286606
957857	286611
957857	286616
957857	286620
957857	286627
957857	286633
957857	286641
957857	286653
957857	286658
957857	286663
957857	286671
957857	286680
957857	286685
957857	286691
957857	286702
957857	286710
957857	286716
957857	286721
957857	286726
957857	286731
957857	286738
957857	286746
957857	286752
957857	286757
957857	286764
957857	286769
957857	286781
957857	286787
957857	286791
957857	286799
957857	286803
957857	286808
957857	286813
957857	286818
957857	286826
957857	286832
957857	286841
957857	286847
957857	286854
957857	286860
957857	286865
957857	286870
957857	286876
957857	286881
957857	286889
957857	286896
957857	286903
957857	286911
957857	286925
957857	286932
957857	286937
957857	286941
957857	286950
957857	286954
957857	286960
957857	286964
957857	286970
957857	286975
957857	286981
957857	286987
957857	286990
957857	287001
957857	287007
957857	287019
957857	287024
957857	287029
957857	287036
957857	287041
957857	287045
957857	287051
957857	287055
957857	287062
957857	287067
957857	287071
957857	287080
957857	287087
957857	287094
957857	287103
957857	287107
957857	287113
957857	287117
957857	287121
957857	287128
957857	287134
957857	287150
957857	287178
957857	287184
957857	287192
957857	287203
957857	287215
957857	287222
957857	287228
957857	287232
957857	287239
957857	287243
957857	287251
957857	287256
957857	287260
957857	287267
957857	287271
957857	287277
957857	287281
957857	287286
957857	287332
957857	287336
957857	287341
957857	287353
957857	287359
957857	287365
957857	287369
957857	287376
957857	287380
957857	287384
957857	287391
957857	287397
957857	287404
957857	287409
957857	287414
957857	287420
957857	287435
957857	287439
957857	287443
957857	287450
957857	287454
957857	287459
957857	287463
957857	287469
957857	287475
957857	287482
957857	287489
957857	287495
957857	287505
957857	287523
957857	287529
957857	287541
957857	287546
957857	287551
957857	287555
957857	287570
957857	287575
957857	287579
957857	287584
957857	287595
957857	287606
957853	287615
957853	287620
957853	287626
957853	287642
957853	287654
957853	287660
957853	287667
957853	287684
957853	287691
957853	287700
957853	287705
957853	287716
957853	287720
957853	287726
957853	287732
957853	287739
957853	287743
957853	287756
957853	287764
957853	287769
957853	287775
957853	287785
957853	287792
957853	287796
957853	287801
957853	287806
957853	287813
957853	287818
957853	287825
957853	287831
957853	287836
957853	287840
957853	287850
957853	287857
957853	287862
957853	287866
957853	287870
957853	287879
957853	287884
957853	287889
957853	287894
957853	287901
957853	287906
957853	287911
957853	287919
957853	287924
957853	287933
957853	287938
957853	287942
957853	287950
957853	287957
957853	287962
957853	287966
957853	287973
957853	287980
957853	287984
957853	287988
957853	287993
957853	287997
957853	288005
957853	288011
957853	288017
957853	288023
957853	288030
957853	288035
957853	288039
957853	288043
957853	288051
957853	288058
957853	288062
957853	288067
957853	288071
957853	288077
957853	288085
957853	288089
957853	288097
957853	288104
957853	288108
957853	288114
957853	288118
957853	288123
957853	288129
957853	288135
957853	288141
957853	288146
957853	288154
957853	288159
957853	288163
957853	288168
957853	288175
957853	288181
957853	288186
957853	288192
957853	288202
957853	288209
957853	288213
957853	288219
957853	288223
957853	288233
957853	288240
957853	288244
957853	288254
957853	288261
957853	288270
957853	288276
957853	288282
957853	288338
957853	288348
957853	288356
957853	288361
957853	288365
957853	288370
957853	288377
957853	288383
957853	288389
957853	288394
957853	288402
957853	288407
957853	288415
957853	288422
957853	288428
957853	288437
957853	288444
957853	288452
957853	288458
957853	288466
957853	288470
957853	288474
957853	288478
957853	288484
957853	288490
957853	288497
957853	288502
957853	288507
957853	288511
957853	288522
957853	288536
957853	288541
957853	288551
957853	288555
957853	288560
957853	288565
957853	288573
957853	288581
957853	288586
957853	288590
957853	288597
957852	288606
957852	288616
957852	288620
957852	288628
957852	288636
957852	288642
957852	288651
957852	288655
957852	288660
957852	288665
957852	288671
957852	288681
957852	288686
957852	288691
957852	288700
957852	288705
957852	288714
957852	288717
957852	288722
957852	288727
957852	288734
957852	288739
957852	288751
957852	288755
957852	288761
957852	288765
957852	288770
957852	288777
957852	288794
957852	288808
957852	288825
957852	288836
957852	288846
957852	288855
957852	288859
957852	288865
957852	288870
957852	288888
957852	288894
957852	288901
957852	288906
957852	288911
957852	288918
957852	288923
957852	288932
957852	288939
957852	288943
957852	288954
957852	288960
957852	288967
957852	288972
957852	288977
957852	288987
957852	288991
957852	288999
957852	289003
957852	289013
957852	289018
957852	289025
957852	289030
957852	289035
957852	289049
957852	289057
957852	289061
957852	289066
957852	289073
957852	289078
957852	289083
957852	289092
957852	289103
957852	289108
957852	289112
957852	289117
957852	289124
957852	289129
957852	289134
957852	289139
957852	289144
957852	289152
957852	289156
957852	289161
957852	289165
957852	289169
957852	289174
957852	289183
957852	289190
957852	289214
957852	289221
957852	289226
957852	289235
957852	289240
957852	289246
957852	289250
957852	289255
957852	289258
957852	289263
957852	289268
957852	289275
957852	289282
957852	289329
957852	289333
957852	289341
957852	289349
957852	289357
957852	289361
957852	289366
957852	289370
957852	289378
957852	289387
957852	289390
957852	289398
957852	289405
957852	289411
957852	289418
957852	289423
957852	289432
957852	289437
957852	289441
957852	289446
957852	289454
957852	289458
957852	289464
957852	289468
957852	289473
957852	289478
957852	289482
957852	289488
957852	289492
957852	289532
957852	289548
957852	289559
957852	289563
957852	289567
957852	289572
957852	289579
957852	289583
957852	289592
957852	289598
957857	289608
957857	289613
957857	289619
957857	289623
957857	289631
957857	289636
957857	289641
957857	289645
957857	289653
957857	289658
957857	289667
957857	289672
957857	289678
957857	289682
957857	289690
957857	289701
957857	289707
957857	289711
957857	289720
957857	289724
957857	289733
957857	289738
957857	289743
957857	289747
957857	289755
957857	289759
957857	289768
957857	289774
957857	289778
957857	289784
957857	289788
957857	289793
957857	289805
957857	289810
957857	289815
957857	289823
957857	289830
957857	289838
957857	289844
957857	289851
957857	289858
957857	289863
957857	289868
957857	289871
957857	289878
957857	289882
957857	289886
957857	289891
957857	289895
957857	289904
957857	289908
957857	289913
957857	289920
957857	289924
957857	289932
957857	289938
957857	289943
957857	289947
957857	289956
957857	289960
957857	289967
957857	289972
957857	289977
957857	289981
957857	289987
957857	289992
957857	290003
957857	290011
957857	290016
957857	290021
957857	290025
957857	290031
957857	290035
957857	290042
957857	290047
957857	290051
957857	290059
957857	290066
957857	290071
957857	290080
957857	290089
957857	290095
957857	290102
957857	290108
957857	290113
957857	290120
957857	290126
957857	290131
957857	290142
957857	290151
957857	290156
957857	290161
957857	290167
957857	290172
957857	290176
957857	290180
957857	290191
957857	290197
957857	290209
957857	290216
957857	290223
957857	290230
957857	290235
957857	290240
957857	290245
957857	290254
957857	290267
957857	290340
957857	290357
957857	290381
957857	290406
957857	290440
957857	290464
957857	290479
957857	290496
957857	290501
957857	290505
957857	290509
957857	290519
957857	290529
957857	290535
957857	290541
957857	290546
957857	290551
957857	290554
957857	290561
957857	290566
957857	290571
957857	290580
957857	290588
957857	290620
957858	290642
957858	290656
957858	290664
957858	290672
957858	290685
957858	290696
957858	290706
957858	290711
957858	290721
957858	290737
957858	290743
957858	290753
957858	290760
957858	290770
957858	290777
957858	290782
957858	290787
957858	290796
957858	290803
957858	290808
957858	290822
957858	290827
957858	290834
957858	290845
957858	290850
957858	290856
957858	290861
957858	290867
957858	290872
957858	290880
957858	290886
957858	290891
957858	290895
957858	290904
957858	290909
957858	290914
957858	290921
957858	290925
957858	290933
957858	290938
957858	290945
957858	290952
957858	290956
957858	290960
957858	290964
957858	290974
957858	290980
957858	290985
957858	290989
957858	290993
957858	290997
957858	291005
957858	291009
957858	291016
957858	291019
957858	291025
957858	291030
957858	291036
957858	291040
957858	291046
957858	291051
957858	291056
957858	291061
957858	291067
957858	291074
957858	291080
957858	291084
957858	291088
957858	291094
957858	291102
957858	291107
957858	291111
957858	291115
957858	291121
957858	291126
957858	291129
957858	291139
957858	291145
957858	291152
957858	291155
957858	291160
957858	291166
957858	291170
957858	291175
957858	291179
957858	291183
957858	291189
957858	291198
957858	291204
957858	291209
957858	291214
957858	291222
957858	291228
957858	291233
957858	291238
957858	291242
957858	291246
957858	291254
957858	291262
957858	291266
957858	291271
957858	291277
957858	291282
957858	291286
957858	291332
957858	291343
957858	291347
957858	291359
957858	291364
957858	291371
957858	291375
957858	291380
957858	291389
957858	291394
957858	291404
957858	291408
957858	291412
957858	291416
957858	291424
957858	291430
957858	291437
957858	291442
957858	291446
957858	291453
957858	291457
957858	291462
957858	291467
957858	291471
957858	291479
957858	291484
957858	291489
957858	291497
957858	291504
957858	291507
957858	291511
957858	291529
957858	291543
957858	291548
957858	291555
957858	291560
957858	291564
957858	291568
957858	291574
957858	291578
957858	291583
957858	291592
957858	291596
957858	291605
957854	291609
957854	291613
957854	291617
957854	291624
957854	291628
957854	291632
957854	291639
957854	291645
957854	291650
957854	291654
957854	291659
957854	291663
957854	291667
957854	291673
957854	291677
957854	291683
957854	291688
957854	291692
957854	291699
957854	291707
957854	291711
957854	291717
957854	291724
957854	291728
957854	291738
957854	291742
957854	291749
957854	291754
957854	291762
957854	291766
957854	291774
957854	291779
957854	291785
957854	291794
957854	291803
957854	291811
957854	291817
957854	291825
957854	291829
957854	291843
957854	291854
957854	291861
957854	291867
957854	291873
957854	291883
957854	291888
957854	291893
957854	291902
957854	291907
957854	291912
957854	291916
957854	291926
957854	291934
957854	291938
957854	291942
957854	291949
957854	291955
957854	291959
957854	291964
957854	291969
957854	291974
957854	291978
957854	291982
957854	291988
957854	291992
957854	292001
957854	292005
957854	292013
957854	292019
957854	292023
957854	292028
957854	292032
957854	292037
957854	292046
957854	292051
957854	292056
957854	292061
957854	292065
957854	292069
957854	292072
957854	292078
957854	292082
957854	292090
957854	292096
957854	292105
957854	292109
957854	292113
957854	292117
957854	292124
957854	292128
957854	292139
957854	292144
957854	292152
957854	292156
957854	292160
957854	292164
957854	292168
957854	292177
957854	292184
957854	292189
957854	292193
957854	292202
957854	292208
957854	292214
957854	292220
957854	292224
957854	292228
957854	292232
957854	292244
957854	292248
957854	292253
957854	292258
957854	292263
957854	292268
957854	292273
957854	292282
957854	292330
957854	292336
957854	292342
957854	292348
957854	292357
957854	292363
957854	292370
957854	292374
957854	292379
957854	292383
957854	292389
957854	292397
957854	292405
957854	292409
957854	292414
957854	292418
957854	292425
957854	292432
957854	292437
957854	292442
957854	292448
957854	292453
957854	292458
957854	292462
957854	292469
957854	292472
957854	292478
957854	292483
957854	292488
957854	292493
957854	292497
957854	292504
957854	292515
957854	292540
957854	292545
957854	292550
957854	292556
957854	292560
957854	292566
957854	292573
957854	292577
957854	292581
957854	292586
957854	292595
957854	292604
957857	292609
957857	292613
957857	292620
957857	292626
957857	292632
957857	292641
957857	292647
957857	292653
957857	292657
957857	292663
957857	292670
957857	292676
957857	292683
957857	292695
957857	292703
957857	292708
957857	292712
957857	292716
957857	292726
957857	292730
957857	292734
957857	292744
957857	292748
957857	292753
957857	292757
957857	292761
957857	292770
957857	292777
957857	292783
957857	292788
957857	292796
957857	292802
957857	292809
957857	292815
957857	292822
957857	292827
957857	292831
957857	292843
957857	292849
957857	292855
957857	292859
957857	292864
957857	292871
957857	292877
957857	292881
957857	292887
957857	292891
957857	292896
957857	292904
957857	292908
957857	292912
957857	292916
957857	292925
957857	292929
957857	292938
957857	292944
957857	292950
957857	292957
957857	292961
957857	292965
957857	292972
957857	292979
957857	292983
957857	292988
957857	292992
957857	292996
957857	293003
957857	293008
957857	293017
957857	293021
957857	293027
957857	293033
957857	293039
957857	293043
957857	293054
957857	293059
957857	293066
957857	293070
957857	293079
957857	293085
957857	293094
957857	293102
957857	293108
957857	293112
957857	293116
957857	293126
957857	293131
957857	293143
957857	293152
957857	293156
957857	293162
957857	293169
957857	293177
957857	293183
957857	293188
957857	293193
957857	293229
957857	293250
957857	293262
957857	293268
957857	293276
957857	293280
957857	293285
957857	293338
957857	293359
957857	293369
957857	293374
957857	293378
957857	293386
957857	293392
957857	293456
957857	293468
957857	293483
957857	293489
957857	293528
957857	293534
957857	293544
957857	293549
957857	293554
957857	293562
957857	293566
957857	293574
957857	293582
957857	293587
957857	293594
957857	293611
957851	293618
957851	293622
957851	293628
957851	293647
957851	293674
957851	293698
957851	293717
957851	293730
957851	293748
957851	293753
957851	293759
957851	293764
957851	293768
957851	293774
957851	293780
957851	293785
957851	293793
957851	293798
957851	293807
957851	293815
957851	293820
957851	293828
957851	293832
957851	293840
957851	293846
957851	293852
957851	293858
957851	293862
957851	293866
957851	293869
957851	293877
957851	293883
957851	293897
957851	293907
957851	293913
957851	293917
957851	293925
957851	293929
957851	293936
957851	293942
957851	293946
957851	293955
957851	293959
957851	293965
957851	293969
957851	293973
957851	293978
957851	293991
957851	294008
957851	294020
957851	294028
957851	294033
957851	294037
957851	294049
957851	294053
957851	294061
957851	294067
957851	294074
957851	294080
957851	294086
957851	294094
957851	294105
957851	294110
957851	294116
957851	294126
957851	294132
957851	294139
957851	294145
957851	294152
957851	294157
957851	294164
957851	294168
957851	294172
957851	294179
957851	294191
957851	294219
957851	294229
957851	294237
957851	294246
957851	294252
957851	294263
957851	294267
957851	294277
957851	294284
957851	294330
957851	294334
957851	294344
957851	294353
957851	294359
957851	294364
957851	294371
957851	294379
957851	294385
957851	294388
957851	294393
957851	294402
957851	294406
957851	294410
957851	294415
957851	294421
957851	294430
957851	294434
957851	294439
957851	294448
957851	294452
957851	294458
957851	294466
957851	294470
957851	294474
957851	294480
957851	294484
957851	294489
957851	294494
957851	294504
957851	294526
957851	294533
957851	294546
957851	294550
957851	294561
957851	294565
957851	294578
957851	294583
957851	294593
957851	294599
957855	294605
957855	294609
957855	294614
957855	294618
957855	294622
957855	294630
957855	294639
957855	294647
957855	294653
957855	294658
957855	294661
957855	294665
957855	294674
957855	294679
957855	294687
957855	294692
957855	294705
957855	294710
957855	294716
957855	294724
957855	294729
957855	294734
957855	294738
957855	294743
957855	294752
957855	294760
957855	294764
