957857	52967
957857	52971
957857	52975
957857	52980
957857	52989
957857	52994
957857	52998
957857	53006
957857	53012
957857	53016
957857	53025
957857	53030
957857	53039
957857	53044
957857	53048
957857	53054
957857	53060
957857	53072
957857	53078
957853	53086
957853	53092
957853	53102
957853	53108
957853	53116
957853	53120
957853	53125
957853	53136
957853	53146
957853	53150
957853	53155
957853	53160
957853	53167
957853	53173
957853	53180
957853	53185
957853	53190
957853	53194
957853	53201
957853	53206
957853	53212
957853	53217
957853	53221
957853	53228
957853	53240
957853	53244
957853	53250
957853	53258
957853	53263
957853	53291
957853	53301
957853	53307
957853	53312
957853	53318
957853	53323
957853	53329
957853	53337
957853	53341
957853	53348
957853	53356
957853	53365
957853	53370
957853	53376
957853	53387
957853	53395
957853	53400
957853	53404
957853	53410
957853	53414
957853	53420
957853	53424
957853	53428
957853	53443
957853	53447
957853	53453
957853	53457
957853	53462
957853	53479
957853	53484
957853	53491
957853	53494
957853	53499
957853	53503
957853	53508
957853	53515
957853	53523
957853	53529
957853	53537
957853	53543
957853	53547
957853	53555
957853	53561
957853	53570
957853	53579
957853	53593
957853	53599
957853	53608
957853	53612
957853	53625
957853	53630
957853	53634
957853	53652
957853	53664
957853	53670
957853	53675
957853	53683
957853	53688
957853	53693
957853	53699
957853	53703
957853	53707
957853	53712
957853	53716
957853	53721
957853	53725
957853	53733
957853	53742
957853	53747
957853	53752
957853	53756
957853	53764
957853	53781
957853	53791
957853	53798
957853	53808
957853	53815
957853	53821
957853	53827
957853	53832
957853	53840
957853	53844
957853	53849
957853	53856
957853	53861
957853	53868
957853	53873
957853	53877
957853	53881
957853	53889
957853	53905
957853	53918
957853	53922
957853	53975
957853	54006
957853	54013
957853	54016
957853	54022
957853	54026
957853	54030
957853	54038
957853	54042
957853	54052
957853	54073
957853	54080
957849	54090
957849	54096
957849	54104
957849	54109
957849	54115
957849	54119
957849	54123
957849	54128
957849	54136
957849	54140
957849	54145
957849	54153
957849	54159
957849	54165
957849	54169
957849	54174
957849	54178
957849	54186
957849	54192
957849	54198
957849	54203
957849	54211
957849	54218
957849	54226
957849	54232
957849	54241
957849	54249
957849	54254
957849	54258
957849	54263
957849	54270
957849	54297
957849	54307
957849	54311
957849	54316
957849	54322
957849	54332
957849	54339
957849	54344
957849	54347
957849	54355
957849	54360
957849	54368
957849	54376
957849	54381
957849	54391
957849	54395
957849	54402
957849	54409
957849	54417
957849	54422
957849	54431
957849	54437
957849	54442
957849	54450
957849	54457
957849	54466
957849	54471
957849	54475
957849	54481
957849	54492
957849	54498
957849	54509
957849	54514
957849	54531
957849	54541
957849	54547
957849	54557
957849	54564
957849	54574
957849	54578
957849	54584
957849	54591
957849	54596
957849	54600
957849	54608
957849	54615
957849	54619
957849	54624
957849	54631
957849	54640
957849	54648
957849	54653
957849	54657
957849	54661
957849	54670
957849	54677
957849	54683
957849	54688
957849	54694
957849	54700
957849	54706
957849	54713
957849	54717
957849	54725
957849	54732
957849	54741
957849	54746
957849	54751
957849	54756
957849	54764
957849	54771
957849	54786
957849	54795
957849	54800
957849	54804
957849	54810
957849	54818
957849	54824
957849	54829
957849	54835
957849	54843
957849	54850
957849	54856
957849	54861
957849	54870
957849	54876
957849	54892
957849	54896
957849	54903
957849	54910
957849	54918
957849	54923
957849	54978
957849	54984
957849	54992
957849	54999
957849	55007
957849	55013
957849	55021
957849	55026
957849	55032
957849	55039
957849	55045
957849	55054
957849	55063
957849	55070
957849	55075
957849	55084
957860	55089
957860	55094
957860	55098
957860	55106
957860	55110
957860	55119
957860	55123
957860	55127
957860	55138
957860	55143
957860	55151
957860	55156
957860	55161
957860	55166
957860	55170
957860	55174
957860	55181
957860	55188
957860	55192
957860	55200
957860	55208
957860	55213
957860	55217
957860	55221
957860	55226
957860	55234
957860	55242
957860	55247
957860	55251
957860	55257
957860	55262
957860	55272
957860	55306
957860	55310
957860	55315
957860	55320
957860	55327
957860	55335
957860	55343
957860	55348
957860	55356
957860	55364
957860	55387
957860	55397
957860	55403
957860	55414
957860	55422
957860	55426
957860	55436
957860	55451
957860	55485
957860	55501
957860	55552
957860	55575
957860	55586
957860	55598
957860	55613
957860	55623
957860	55627
957860	55635
957860	55640
957860	55645
957860	55648
957860	55685
957860	55715
957860	55750
957860	55768
957860	55795
957860	55807
957860	55814
957860	55818
957860	55825
957860	55832
957860	55841
957860	55847
957860	55861
957860	55870
957860	55878
957860	55887
957860	55894
957860	55899
957860	55906
957860	55910
957860	55915
957860	55920
957860	55924
957860	55985
957860	55998
957860	56008
957860	56023
957860	56030
957860	56034
957860	56043
957860	56047
957860	56053
957860	56058
957860	56062
957860	56071
957860	56076
957852	56085
957852	56092
957852	56097
957852	56106
957852	56116
957852	56122
957852	56127
957852	56131
957852	56140
957852	56145
957852	56149
957852	56153
957852	56158
957852	56165
957852	56169
957852	56174
957852	56184
957852	56193
957852	56198
957852	56202
957852	56209
957852	56214
957852	56219
957852	56223
957852	56231
957852	56240
957852	56245
957852	56251
957852	56257
957852	56263
957852	56281
957852	56305
957852	56312
957852	56319
957852	56325
957852	56330
957852	56335
957852	56340
957852	56344
957852	56350
957852	56354
957852	56359
957852	56370
957852	56375
957852	56400
957852	56406
957852	56412
957852	56418
957852	56429
957852	56435
957852	56444
957852	56448
957852	56452
957852	56456
957852	56465
957852	56477
957852	56484
957852	56494
957852	56498
957852	56502
957852	56506
957852	56512
957852	56517
957852	56527
957852	56532
957852	56540
957852	56545
957852	56549
957852	56553
957852	56565
957852	56574
957852	56579
957852	56593
957852	56606
957852	56615
957852	56620
957852	56627
957852	56633
957852	56646
957852	56651
957852	56655
957852	56659
957852	56663
957852	56669
957852	56676
957852	56683
957852	56688
957852	56693
957852	56700
957852	56706
957852	56714
957852	56719
957852	56724
957852	56730
957852	56744
957852	56750
957852	56754
957852	56761
957852	56766
957852	56773
957852	56782
957852	56791
957852	56797
957852	56803
957852	56807
957852	56814
957852	56819
957852	56828
957852	56836
957852	56840
957852	56848
957852	56853
957852	56860
957852	56867
957852	56870
957852	56875
957852	56882
957852	56889
957852	56893
957852	56897
957852	56901
957852	56909
957852	56917
957852	56922
957852	56977
957852	56985
957852	56992
957852	56996
957852	57000
957852	57004
957852	57014
957852	57026
957852	57036
957852	57041
957852	57048
957852	57058
957852	57066
957852	57076
957858	57083
957858	57102
957858	57109
957858	57113
957858	57117
957858	57122
957858	57126
957858	57130
957858	57137
957858	57142
957858	57145
957858	57150
957858	57155
957858	57161
957858	57166
957858	57170
957858	57180
957858	57186
957858	57192
957858	57202
957858	57213
957858	57224
957858	57230
957858	57245
957858	57249
957858	57254
957858	57260
957858	57264
957858	57281
957858	57304
957858	57308
957858	57313
957858	57318
957858	57325
957858	57333
957858	57342
957858	57347
957858	57351
957858	57358
957858	57363
957858	57383
957858	57390
957858	57401
957858	57412
957858	57416
957858	57420
957858	57425
957858	57433
957858	57438
957858	57445
957858	57450
957858	57454
957858	57461
957858	57466
957858	57471
957858	57479
957858	57485
957858	57493
957858	57499
957858	57505
957858	57509
957858	57517
957858	57529
957858	57538
957858	57546
957858	57553
957858	57557
957858	57562
957858	57569
957858	57574
957858	57587
957858	57593
957858	57603
957858	57610
957858	57624
957858	57628
957858	57637
957858	57642
957858	57648
957858	57656
957858	57662
957858	57667
957858	57672
957858	57679
957858	57683
957858	57688
957858	57695
957858	57702
957858	57708
957858	57714
957858	57719
957858	57728
957858	57734
957858	57741
957858	57745
957858	57750
957858	57754
957858	57762
957858	57766
957858	57777
957858	57783
957858	57791
957858	57802
957858	57806
957858	57812
957858	57816
957858	57823
957858	57826
957858	57830
957858	57841
957858	57850
957858	57865
957858	57911
957858	58004
957858	58019
957858	58027
957858	58047
957858	58082
957854	58121
957854	58147
957854	58161
957854	58172
957854	58181
957854	58185
957854	58192
957854	58197
957854	58203
957854	58212
957854	58222
957854	58246
957854	58291
957854	58315
957854	58321
957854	58330
957854	58336
957854	58341
957854	58345
957854	58353
957854	58357
957854	58366
957854	58370
957854	58374
957854	58384
957854	58390
957854	58396
957854	58400
957854	58404
957854	58408
957854	58412
957854	58417
957854	58421
957854	58429
957854	58433
957854	58438
957854	58442
957854	58446
957854	58452
957854	58457
957854	58463
957854	58467
957854	58475
957854	58479
957854	58487
957854	58493
957854	58501
957854	58505
957854	58513
957854	58518
957854	58525
957854	58535
957854	58559
957854	58593
957854	58616
957854	58622
957854	58626
957854	58633
957854	58638
957854	58644
957854	58650
957854	58655
957854	58665
957854	58670
957854	58675
957854	58681
957854	58686
957854	58695
957854	58699
957854	58704
957854	58708
957854	58715
957854	58724
957854	58729
957854	58734
957854	58741
957854	58745
957854	58754
957854	58782
957854	58797
957854	58808
957854	58814
957854	58817
957854	58821
957854	58826
957854	58833
957854	58837
957854	58843
957854	58847
957854	58851
957854	58856
957854	58865
957854	58870
957854	58875
957854	58883
957854	58889
957854	58897
957854	58903
957854	58907
957854	58979
957854	58986
957854	58993
957854	58999
957854	59003
957854	59012
957854	59016
957854	59022
957854	59027
957854	59036
957854	59044
957854	59054
957854	59061
957854	59069
957854	59074
957854	59079
957844	59087
957844	59094
957844	59102
957844	59108
957844	59117
957844	59124
957844	59133
957844	59138
957844	59143
957844	59148
957844	59154
957844	59161
957844	59167
957844	59172
957844	59176
957844	59182
957844	59186
957844	59195
957844	59201
957844	59205
957844	59212
957844	59217
957844	59221
957844	59225
957844	59231
957844	59239
957844	59244
957844	59248
957844	59253
957844	59262
957844	59269
957844	59294
957844	59301
957844	59316
957844	59320
957844	59332
957844	59338
957844	59342
957844	59350
957844	59354
957844	59361
957844	59369
957844	59374
957844	59385
957844	59389
957844	59403
957844	59409
957844	59417
957844	59423
957844	59429
957844	59434
957844	59442
957844	59447
957844	59452
957844	59456
957844	59461
957844	59469
957844	59477
957844	59483
957844	59491
957844	59495
957844	59501
957844	59505
957844	59515
957844	59522
957844	59531
957844	59538
957844	59543
957844	59547
957844	59552
957844	59559
957844	59566
957844	59572
957844	59577
957844	59582
957844	59589
957844	59594
957844	59600
957844	59605
957844	59609
957844	59618
957844	59623
957844	59628
957844	59636
957844	59641
957844	59646
957844	59653
957844	59660
957844	59666
957844	59670
957844	59674
957844	59682
957844	59687
957844	59693
957844	59698
957844	59703
957844	59710
957844	59715
957844	59720
957844	59724
957844	59731
957844	59738
957844	59744
957844	59750
957844	59757
957844	59763
957844	59767
957844	59775
957844	59781
957844	59786
957844	59793
957844	59798
957844	59806
957844	59815
957844	59822
957844	59828
957844	59842
957844	59853
957844	59859
957844	59867
957844	59871
957844	59875
957844	59897
957844	59902
957844	59907
957844	59911
957844	59918
957844	59923
957844	59970
957844	59977
957844	59983
957844	59989
957844	59993
957844	59999
957844	60004
957844	60016
957844	60023
957844	60027
957844	60034
957844	60041
957844	60046
957844	60052
957844	60057
957844	60062
957844	60068
957844	60073
957844	60077
957869	60085
957869	60089
957869	60095
957869	60104
957869	60109
957869	60116
957869	60122
957869	60134
957869	60150
957869	60156
957869	60163
957869	60171
957869	60175
957869	60179
957869	60186
957869	60190
957869	60195
957869	60200
957869	60205
957869	60210
957869	60216
957869	60223
957869	60229
957869	60233
957869	60240
957869	60246
957869	60253
957869	60261
957869	60266
957869	60290
957869	60298
957869	60303
957869	60315
957869	60337
957869	60342
957869	60351
957869	60355
957869	60369
957869	60396
957869	60404
957869	60410
957869	60416
957869	60422
957869	60433
957869	60443
957869	60452
957869	60462
957869	60468
957869	60472
957869	60480
957869	60486
957869	60492
957869	60496
957869	60500
957869	60505
957869	60509
957869	60515
957869	60524
957869	60533
957869	60541
957869	60546
957869	60555
957869	60562
957869	60571
957869	60578
957869	60586
957869	60593
957869	60600
957869	60608
957869	60615
957869	60620
957869	60625
957869	60630
957869	60639
957869	60646
957869	60650
957869	60656
957869	60667
957869	60675
957869	60680
957869	60685
957869	60692
957869	60697
957869	60702
957869	60706
957869	60710
957869	60714
957869	60718
957869	60725
957869	60734
957869	60742
957869	60746
957869	60752
957869	60756
957869	60762
957869	60767
957869	60774
957869	60782
957869	60789
957869	60795
957869	60804
957869	60809
957869	60816
957869	60821
957869	60826
957869	60832
957869	60838
957869	60842
957869	60847
957869	60853
957869	60858
957869	60863
957869	60869
957869	60874
957869	60882
957869	60887
957869	60892
957869	60897
957869	60907
957869	60917
957869	60923
957869	60976
957869	60983
957869	60990
957869	60994
957869	60999
957869	61004
957869	61009
957869	61016
957869	61025
957869	61030
957869	61036
957869	61040
957869	61045
957869	61049
957869	61054
957869	61060
957869	61065
957869	61071
957869	61077
957847	61086
957847	61092
957847	61098
957847	61102
957847	61108
957847	61113
957847	61119
957847	61124
957847	61128
957847	61142
957847	61149
957847	61154
957847	61160
957847	61168
957847	61172
957847	61178
957847	61182
957847	61186
957847	61190
957847	61198
957847	61202
957847	61209
957847	61216
957847	61223
957847	61232
957847	61241
957847	61247
957847	61252
957847	61256
957847	61261
957847	61266
957847	61283
957847	61297
957847	61305
957847	61308
957847	61312
957847	61316
957847	61324
957847	61330
957847	61336
957847	61341
957847	61346
957847	61356
957847	61366
957847	61372
957847	61378
957847	61387
957847	61391
957847	61400
957847	61406
957847	61411
957847	61424
957847	61436
957847	61443
957847	61448
957847	61456
957847	61463
957847	61468
957847	61472
957847	61484
957847	61493
957847	61499
957847	61512
957847	61520
957847	61524
957847	61529
957847	61537
957847	61541
957847	61546
957847	61550
957847	61555
957847	61564
957847	61575
957847	61579
957847	61587
957847	61591
957847	61595
957847	61602
957847	61607
957847	61611
957847	61623
957847	61628
957847	61636
957847	61641
957847	61647
957847	61652
957847	61656
957847	61664
957847	61670
957847	61677
957847	61683
957847	61688
957847	61694
957847	61699
957847	61704
957847	61711
957847	61719
957847	61726
957847	61732
957847	61742
957847	61748
957847	61755
957847	61760
957847	61768
957847	61778
957847	61785
957847	61791
957847	61796
957847	61802
957847	61806
957847	61812
957847	61816
957847	61824
957847	61829
957847	61833
957847	61841
957847	61845
957847	61851
957847	61856
957847	61860
957847	61866
957847	61872
957847	61879
957847	61886
957847	61891
957847	61897
957847	61901
957847	61906
957847	61910
957847	61914
957847	61921
957847	61927
957847	61974
957847	61979
957847	61991
957847	61995
957847	61999
957847	62004
957847	62012
957847	62019
957847	62026
957847	62031
957847	62036
957847	62042
957847	62047
957847	62052
957847	62056
957847	62061
957847	62069
957847	62075
957847	62085
957852	62093
957852	62102
957852	62108
957852	62117
957852	62121
957852	62125
957852	62134
957852	62142
957852	62151
957852	62155
957852	62160
957852	62170
957852	62180
957852	62190
957852	62194
957852	62209
957852	62214
957852	62219
957852	62224
957852	62232
957852	62240
957852	62244
957852	62249
957852	62253
957852	62259
957852	62265
957852	62279
957852	62293
957852	62298
957852	62303
957852	62309
957852	62320
957852	62325
957852	62335
957852	62341
957852	62345
957852	62352
957852	62356
957852	62360
957852	62372
957852	62381
957852	62385
957852	62391
957852	62396
957852	62402
957852	62406
957852	62413
957852	62418
957852	62422
957852	62429
957852	62434
957852	62438
957852	62444
957852	62449
957852	62454
957852	62459
957852	62466
957852	62474
957852	62479
957852	62491
957852	62496
957852	62501
957852	62505
957852	62513
957852	62522
957852	62526
957852	62531
957852	62538
957852	62544
957852	62552
957852	62557
957852	62562
957852	62571
957852	62575
957852	62580
957852	62587
957852	62591
957852	62598
957852	62601
957852	62606
957852	62610
957852	62615
957852	62624
957852	62630
957852	62637
957852	62641
957852	62650
957852	62657
957852	62665
957852	62669
957852	62675
957852	62686
957852	62693
957852	62698
957852	62702
957852	62710
957852	62715
957852	62722
957852	62730
957852	62740
957852	62745
957852	62750
957852	62754
957852	62762
957852	62772
957852	62782
957852	62793
957852	62798
957852	62805
957852	62810
957852	62813
957852	62820
957852	62825
957852	62838
957852	62844
957852	62848
957852	62857
957852	62868
957852	62875
957852	62886
957852	62891
957852	62895
957852	62903
957852	62906
957852	62910
957852	62916
957852	62920
957852	62928
957852	62974
957852	62983
957852	62994
957852	62999
957852	63005
957852	63011
957852	63016
957852	63020
957852	63028
957852	63033
957852	63042
957852	63046
957852	63052
957852	63056
957852	63061
957852	63069
957852	63074
957852	63078
957860	63086
957860	63090
957860	63097
957860	63104
957860	63109
957860	63114
957860	63125
957860	63136
957860	63140
957860	63145
957860	63150
957860	63156
957860	63166
957860	63171
957860	63178
957860	63188
957860	63195
957860	63200
957860	63210
957860	63215
957860	63223
957860	63228
957860	63238
957860	63245
957860	63249
957860	63257
957860	63262
957860	63267
957860	63295
957860	63303
957860	63308
957860	63312
957860	63319
957860	63324
957860	63329
957860	63337
957860	63344
957860	63349
957860	63358
957860	63368
957860	63373
957860	63377
957860	63381
957860	63396
957860	63400
957860	63406
957860	63411
957860	63416
957860	63421
957860	63427
957860	63434
957860	63441
957860	63445
957860	63449
957860	63456
957860	63462
957860	63467
957860	63474
957860	63480
957860	63484
957860	63490
957860	63494
957860	63499
957860	63503
957860	63511
957860	63516
957860	63522
957860	63527
957860	63531
957860	63539
957860	63544
957860	63553
957860	63561
957860	63569
957860	63577
957860	63590
957860	63596
957860	63604
957860	63609
957860	63615
957860	63618
957860	63623
957860	63628
957860	63637
957860	63644
957860	63651
957860	63655
957860	63660
957860	63667
957860	63672
957860	63680
957860	63688
957860	63692
957860	63697
957860	63703
957860	63709
957860	63713
957860	63719
957860	63723
957860	63726
957860	63739
957860	63744
957860	63749
957860	63758
957860	63763
957860	63767
957860	63777
957860	63789
957860	63795
957860	63799
957860	63805
957860	63810
957860	63814
957860	63823
957860	63828
957860	63833
957860	63841
957860	63845
957860	63850
957860	63858
957860	63862
957860	63870
957860	63874
957860	63884
957860	63889
957860	63896
957860	63902
957860	63906
957860	63912
957860	63916
957860	63921
957860	63926
957860	63976
957860	63982
957860	63991
957860	63995
957860	64000
957860	64004
957860	64013
957860	64023
957860	64026
957860	64030
957860	64038
957860	64042
957860	64047
957860	64055
957860	64061
957860	64067
957860	64073
957860	64077
957857	64088
957857	64096
957857	64102
957857	64108
957857	64116
957857	64120
957857	64124
957857	64129
957857	64135
957857	64142
957857	64149
957857	64153
957857	64158
957857	64163
957857	64167
957857	64172
957857	64176
957857	64181
957857	64188
957857	64193
957857	64200
957857	64209
957857	64213
957857	64217
957857	64221
957857	64225
957857	64232
957857	64241
957857	64246
957857	64252
957857	64258
957857	64262
957857	64266
957857	64298
957857	64308
957857	64313
957857	64318
957857	64325
957857	64329
957857	64341
957857	64349
957857	64355
957857	64365
957857	64372
957857	64379
957857	64389
957857	64398
957857	64404
957857	64410
957857	64420
957857	64427
957857	64433
957857	64442
957857	64448
957857	64453
957857	64458
957857	64462
957857	64469
957857	64478
957857	64484
957857	64491
957857	64496
957857	64500
957857	64506
957857	64512
957857	64517
957857	64525
957857	64530
957857	64534
957857	64542
957857	64547
957857	64552
957857	64559
957857	64565
957857	64572
957857	64576
957857	64588
957857	64593
957857	64602
957857	64609
957857	64614
957857	64622
957857	64628
957857	64636
957857	64640
957857	64646
957857	64650
957857	64657
957857	64663
957857	64668
957857	64674
957857	64679
957857	64686
957857	64689
957857	64697
957857	64706
957857	64713
957857	64718
957857	64729
957857	64735
957857	64743
957857	64748
957857	64752
957857	64758
957857	64764
957857	64768
957857	64777
957857	64783
957857	64790
957857	64795
957857	64800
957857	64805
957857	64813
957857	64818
957857	64823
957857	64828
957857	64836
957857	64843
957857	64849
957857	64854
957857	64859
957857	64865
957857	64870
957857	64876
957857	64880
957857	64884
957857	64893
957857	64898
957857	64903
957857	64908
957857	64913
957857	64918
957857	64922
957857	64978
957857	64989
957857	64995
957857	65008
957857	65015
957857	65020
957857	65030
957857	65038
957857	65043
957857	65047
957857	65054
957857	65061
957857	65069
957857	65076
957857	65082
957855	65088
957855	65093
957855	65100
957855	65107
957855	65113
957855	65117
957855	65123
957855	65127
957855	65131
957855	65137
957855	65142
957855	65153
957855	65158
957855	65165
957855	65171
957855	65178
957855	65186
957855	65194
957855	65199
957855	65203
957855	65208
957855	65215
957855	65220
957855	65228
957855	65235
957855	65245
957855	65249
957855	65253
957855	65261
957855	65267
957855	65295
957855	65300
957855	65305
957855	65311
957855	65315
957855	65322
957855	65327
957855	65332
957855	65340
957855	65344
957855	65355
957855	65360
957855	65379
957855	65406
957855	65423
957855	65436
957855	65445
957855	65453
957855	65463
957855	65474
957855	65480
957855	65484
957855	65492
957855	65496
957855	65501
957855	65509
957855	65514
957855	65522
957855	65526
957855	65531
957855	65538
957855	65543
957855	65547
957855	65551
957855	65560
957855	65563
957855	65570
957855	65575
957855	65579
957855	65584
957855	65588
957855	65594
957855	65602
957855	65608
957855	65621
957855	65628
957855	65634
957855	65638
957855	65643
957855	65647
957855	65657
957855	65665
957855	65672
957855	65682
957855	65694
957855	65703
957855	65712
957855	65717
957855	65722
957855	65730
957855	65737
957855	65744
957855	65749
957855	65754
957855	65760
957855	65765
957855	65773
957855	65788
957855	65796
957855	65802
957855	65808
957855	65814
957855	65821
957855	65827
957855	65838
957855	65842
957855	65846
957855	65856
957855	65865
957855	65869
957855	65874
957855	65878
957855	65882
957855	65888
957855	65893
957855	65898
957855	65902
957855	65908
957855	65915
957855	65919
957855	65927
957855	65979
957855	65985
957855	65991
957855	65995
957855	65999
957855	66003
957855	66015
957855	66020
957855	66028
957855	66033
957855	66041
957855	66045
957855	66053
957855	66058
957855	66062
957855	66069
957855	66075
957855	66079
957850	66086
957850	66091
957850	66097
957850	66103
957850	66108
957850	66112
957850	66117
957850	66122
957850	66127
957850	66136
957850	66143
957850	66150
957850	66155
957850	66165
957850	66170
957850	66176
957850	66181
957850	66185
957850	66194
957850	66199
957850	66203
957850	66212
957850	66231
957850	66242
957850	66246
957850	66250
957850	66254
957850	66261
957850	66267
957850	66296
957850	66307
957850	66313
957850	66317
957850	66320
957850	66327
957850	66337
957850	66341
957850	66345
957850	66349
957850	66357
957850	66361
957850	66367
957850	66372
957850	66384
957850	66403
957850	66411
957850	66417
957850	66421
957850	66428
957850	66432
957850	66437
957850	66441
957850	66445
957850	66450
957850	66454
957850	66462
957850	66468
957850	66475
957850	66483
957850	66492
957850	66496
957850	66501
957850	66505
957850	66511
957850	66517
957850	66522
957850	66526
957850	66531
957850	66539
957850	66546
957850	66553
957850	66560
957850	66566
957850	66572
957850	66579
957850	66586
957850	66591
957850	66600
957850	66606
957850	66614
957850	66620
957850	66627
957850	66631
957850	66642
957850	66647
957850	66651
957850	66655
957850	66661
957850	66666
957850	66670
957850	66674
957850	66682
957850	66687
957850	66692
957850	66696
957850	66704
957850	66711
957850	66716
957850	66721
957850	66728
957850	66738
957850	66748
957850	66757
957850	66762
957850	66768
957850	66783
957850	66791
957850	66797
957850	66801
957850	66806
957850	66811
957850	66818
957850	66823
957850	66827
957850	66835
957850	66840
957850	66848
957850	66853
957850	66859
957850	66864
957850	66869
957850	66875
957850	66879
957850	66888
957850	66896
957850	66900
957850	66905
957850	66913
957850	66918
957850	66922
957850	66930
957850	66992
957850	66996
957850	67001
957850	67006
957850	67013
957850	67019
957850	67027
957850	67032
957850	67038
957850	67046
957850	67050
957850	67054
957850	67062
957850	67068
957850	67072
957850	67078
957856	67084
957856	67088
957856	67094
957856	67100
957856	67108
957856	67112
957856	67119
957856	67123
957856	67130
957856	67135
957856	67140
957856	67147
957856	67152
957856	67157
957856	67162
957856	67168
957856	67172
957856	67180
957856	67184
957856	67188
957856	67193
957856	67198
957856	67203
957856	67207
957856	67214
957856	67219
957856	67227
957856	67236
957856	67248
957856	67256
957856	67263
957856	67296
957856	67304
957856	67308
957856	67313
957856	67317
957856	67322
957856	67329
957856	67335
957856	67340
957856	67344
957856	67348
957856	67352
957856	67363
957856	67374
957856	67385
957856	67396
957856	67401
957856	67406
957856	67414
957856	67419
957856	67425
957856	67430
957856	67440
957856	67448
957856	67453
957856	67458
957856	67464
957856	67469
957856	67474
957856	67485
957856	67492
957856	67506
957856	67510
957856	67515
957856	67523
957856	67527
957856	67533
957856	67543
957856	67548
957856	67556
957856	67561
957856	67569
957856	67574
957856	67579
957856	67589
957856	67595
957856	67600
957856	67604
957856	67609
957856	67613
957856	67617
957856	67622
957856	67625
957856	67633
957856	67639
957856	67644
957856	67654
957856	67660
957856	67666
957856	67671
957856	67676
957856	67684
957856	67689
957856	67697
957856	67702
957856	67707
957856	67711
957856	67730
957856	67743
957856	67749
957856	67754
957856	67758
957856	67767
957856	67771
957856	67784
957856	67795
957856	67814
957856	67820
957856	67824
957856	67829
957856	67837
957856	67841
957856	67846
957856	67850
957856	67857
957856	67870
957856	67880
957856	67887
957856	67893
957856	67897
957856	67905
957856	67911
957856	67916
957856	67921
957856	67931
957856	67979
957856	67985
957856	67992
957856	67998
957856	68002
957856	68006
957856	68015
957856	68021
957856	68025
957856	68030
957856	68035
957856	68040
957856	68046
957856	68053
957856	68057
957856	68062
957856	68069
957856	68075
957856	68084
957853	68089
957853	68093
957853	68097
957853	68105
957853	68114
957853	68119
957853	68124
957853	68129
957853	68137
957853	68141
957853	68147
957853	68152
957853	68156
957853	68163
957853	68170
957853	68178
957853	68185
957853	68192
957853	68197
957853	68202
957853	68207
957853	68215
957853	68219
957853	68229
957853	68239
957853	68245
957853	68251
957853	68255
957853	68289
957853	68317
957853	68321
957853	68325
957853	68329
957853	68334
957853	68340
957853	68346
957853	68350
957853	68357
957853	68366
957853	68376
957853	68384
957853	68391
957853	68398
957853	68403
957853	68409
957853	68418
957853	68422
957853	68430
957853	68435
957853	68440
957853	68449
957853	68454
957853	68465
957853	68483
957853	68494
957853	68506
957853	68511
957853	68516
957853	68523
957853	68528
957853	68533
957853	68540
957853	68546
957853	68552
957853	68556
957853	68561
957853	68567
957853	68574
957853	68579
957853	68588
957853	68593
957853	68598
957853	68606
957853	68610
957853	68615
957853	68619
957853	68625
957853	68630
957853	68640
957853	68646
957853	68650
957853	68655
957853	68659
957853	68668
957853	68673
957853	68683
957853	68690
957853	68695
957853	68699
957853	68703
957853	68708
957853	68713
957853	68717
957853	68722
957853	68731
957853	68742
957853	68748
957853	68752
957853	68756
957853	68761
957853	68766
957853	68776
957853	68782
957853	68789
957853	68795
957853	68803
957853	68807
957853	68812
957853	68816
957853	68820
957853	68825
957853	68833
957853	68837
957853	68842
957853	68847
957853	68859
957853	68868
957853	68881
957853	68885
957853	68891
957853	68899
957853	68904
957853	68908
957853	68986
957853	68993
957853	68997
957853	69001
957853	69005
957853	69014
957853	69020
957853	69024
957853	69029
957853	69033
957853	69041
957853	69046
957853	69051
957853	69058
957853	69077
957854	69088
957854	69095
957854	69107
957854	69111
957854	69118
957854	69122
957854	69127
957854	69133
957854	69137
957854	69145
957854	69150
957854	69155
957854	69163
957854	69167
957854	69172
957854	69177
957854	69184
957854	69192
957854	69197
957854	69203
957854	69213
957854	69223
957854	69231
957854	69238
957854	69244
957854	69249
957854	69254
957854	69261
957854	69265
957854	69278
957854	69297
957854	69302
957854	69305
957854	69312
957854	69319
957854	69324
957854	69333
957854	69341
957854	69346
957854	69354
957854	69359
957854	69363
957854	69383
957854	69389
957854	69393
957854	69402
957854	69413
957854	69421
957854	69433
957854	69439
957854	69451
957854	69461
957854	69465
957854	69469
957854	69473
957854	69481
957854	69493
957854	69499
957854	69503
957854	69508
957854	69513
957854	69517
957854	69524
957854	69530
957854	69537
957854	69542
957854	69553
957854	69557
957854	69562
957854	69569
957854	69575
957854	69586
957854	69590
957854	69596
957854	69603
957854	69609
957854	69619
957854	69624
957854	69633
957854	69637
957854	69645
957854	69651
957854	69656
957854	69662
957854	69666
957854	69671
957854	69675
957854	69680
957854	69689
957854	69699
957854	69704
957854	69712
957854	69719
957854	69725
957854	69730
957854	69738
957854	69744
957854	69749
957854	69753
957854	69759
957854	69777
957854	69788
957854	69795
957854	69802
957854	69806
957854	69810
957854	69815
957854	69821
957854	69827
957854	69844
957854	69852
957854	69858
957854	69862
957854	69868
957854	69872
957854	69879
957854	69888
957854	69893
957854	69902
957854	69908
957854	69914
957854	69918
957854	69923
957854	69927
957854	69979
957854	69988
957854	69992
957854	69998
957854	70002
957854	70006
957854	70012
957854	70016
957854	70023
957854	70027
957854	70034
957854	70039
957854	70044
957854	70050
957854	70057
957854	70063
957854	70070
957854	70074
957854	70078
957857	70086
957857	70090
957857	70094
957857	70099
957857	70104
957857	70110
957857	70114
957857	70121
957857	70125
957857	70135
957857	70141
957857	70150
957857	70157
957857	70161
957857	70166
957857	70170
957857	70174
957857	70181
957857	70187
957857	70191
957857	70197
957857	70202
957857	70207
957857	70215
957857	70221
957857	70225
957857	70233
957857	70241
957857	70245
957857	70252
957857	70256
957857	70269
957857	70291
957857	70297
957857	70303
957857	70308
957857	70312
957857	70319
957857	70323
957857	70329
957857	70336
957857	70340
957857	70344
957857	70348
957857	70356
957857	70365
957857	70370
957857	70376
957857	70388
957857	70396
957857	70401
957857	70406
957857	70411
957857	70421
957857	70425
957857	70431
957857	70435
957857	70440
957857	70444
957857	70450
957857	70457
957857	70466
957857	70471
957857	70475
957857	70484
957857	70493
957857	70500
957857	70507
957857	70511
957857	70516
957857	70520
957857	70526
957857	70532
957857	70540
957857	70544
957857	70551
957857	70555
957857	70560
957857	70570
957857	70576
957857	70581
957857	70588
957857	70593
957857	70605
957857	70612
957857	70617
957857	70622
957857	70627
957857	70634
957857	70641
957857	70646
957857	70650
957857	70655
957857	70663
957857	70668
957857	70672
957857	70680
957857	70685
957857	70689
957857	70696
957857	70700
957857	70707
957857	70712
957857	70727
957857	70736
957857	70760
957857	70780
957857	70789
957857	70794
957857	70799
957857	70803
957857	70811
957857	70819
957857	70824
957857	70828
957857	70835
957857	70839
957857	70843
957857	70847
957857	70853
957857	70858
957857	70864
957857	70872
957857	70879
957857	70883
957857	70889
957857	70893
957857	70901
957857	70908
957857	70913
957857	70917
957857	70922
957857	70929
957857	70978
957857	70984
957857	70991
957857	70996
957857	71001
957857	71006
957857	71013
957857	71020
957857	71025
957857	71030
957857	71037
957857	71043
957857	71056
957857	71062
957857	71072
957857	71076
957857	71084
957848	71091
957848	71095
957848	71102
957848	71113
957848	71119
957848	71124
957848	71127
957848	71134
957848	71140
957848	71147
957848	71151
957848	71156
957848	71162
957848	71167
957848	71172
957848	71176
957848	71185
957848	71191
957848	71197
957848	71202
957848	71207
957848	71214
957848	71218
957848	71221
957848	71228
957848	71235
957848	71247
957848	71255
957848	71260
957848	71266
957848	71292
957848	71298
957848	71312
957848	71322
957848	71326
957848	71336
957848	71342
957848	71348
957848	71352
957848	71358
957848	71376
957848	71406
957848	71414
957848	71420
957848	71425
957848	71432
957848	71456
957848	71468
957848	71481
957848	71489
957848	71494
957848	71499
957848	71506
957848	71511
957848	71515
957848	71525
957848	71530
957848	71538
957848	71542
957848	71547
957848	71551
957848	71555
957848	71560
957848	71567
957848	71571
957848	71577
957848	71587
957848	71593
957848	71597
957848	71604
957848	71609
957848	71615
957848	71619
957848	71625
957848	71630
957848	71639
957848	71646
957848	71650
957848	71655
957848	71659
957848	71666
957848	71673
957848	71677
957848	71685
957848	71691
957848	71696
957848	71702
957848	71710
957848	71715
957848	71719
957848	71726
957848	71731
957848	71742
957848	71746
957848	71751
957848	71756
957848	71762
957848	71775
957848	71784
957848	71796
957848	71806
957848	71810
957848	71815
957848	71820
957848	71828
957848	71834
957848	71839
957848	71843
957848	71849
957848	71855
957848	71860
957848	71867
957848	71871
957848	71875
957848	71879
957848	71886
957848	71897
957848	71903
957848	71912
957848	71917
957848	71921
957848	71928
957848	71974
957848	71990
957848	71995
957848	71999
957848	72008
957848	72014
957848	72022
957848	72029
957848	72033
957848	72042
957848	72047
957848	72051
957848	72055
957848	72062
957848	72070
957848	72075
957848	72081
957859	72088
957859	72092
957859	72097
957859	72108
957859	72118
957859	72124
957859	72136
957859	72146
957859	72152
957859	72162
957859	72167
957859	72171
957859	72177
957859	72183
957859	72189
957859	72196
957859	72201
957859	72206
957859	72214
957859	72222
957859	72229
957859	72235
957859	72247
957859	72254
957859	72259
957859	72265
957859	72283
957859	72304
957859	72309
957859	72313
957859	72321
957859	72326
957859	72330
957859	72339
957859	72344
957859	72349
957859	72356
957859	72363
957859	72368
957859	72374
957859	72378
957859	72382
957859	72400
957859	72406
957859	72411
957859	72421
957859	72428
957859	72432
957859	72436
957859	72444
957859	72449
957859	72454
957859	72460
957859	72464
957859	72469
957859	72473
957859	72477
957859	72485
957859	72493
957859	72498
957859	72506
957859	72512
957859	72517
957859	72526
957859	72531
957859	72538
957859	72545
957859	72551
957859	72560
957859	72564
957859	72572
957859	72578
957859	72587
957859	72592
957859	72596
957859	72599
957859	72607
957859	72614
957859	72618
957859	72624
957859	72629
957859	72638
957859	72644
957859	72650
957859	72661
957859	72667
957859	72671
957859	72675
957859	72682
957859	72686
957859	72695
957859	72701
957859	72709
957859	72716
957859	72725
957859	72732
957859	72741
957859	72746
957859	72751
957859	72756
957859	72763
957859	72767
957859	72780
957859	72790
957859	72794
957859	72799
957859	72804
957859	72810
957859	72816
957859	72822
957859	72827
957859	72831
957859	72838
957859	72846
957859	72853
957859	72857
957859	72862
957859	72870
957859	72874
957859	72880
957859	72886
957859	72890
957859	72895
957859	72904
957859	72912
957859	72916
957859	72922
957859	72927
957859	72979
957859	72985
957859	72993
957859	72998
957859	73005
957859	73010
957859	73014
957859	73019
957859	73023
957859	73030
957859	73034
957859	73039
957859	73044
957859	73050
957859	73059
957859	73065
957859	73074
957859	73078
957853	73086
957853	73090
957853	73094
957853	73098
957853	73105
957853	73120
957853	73135
957853	73140
957853	73144
957853	73148
957853	73155
957853	73161
957853	73167
957853	73172
957853	73180
957853	73187
957853	73194
957853	73199
957853	73203
957853	73210
957853	73214
957853	73219
957853	73223
957853	73227
957853	73233
957853	73242
957853	73246
957853	73250
957853	73257
957853	73263
957853	73295
957853	73302
957853	73306
957853	73311
957853	73316
957853	73324
957853	73334
957853	73342
957853	73347
957853	73355
957853	73363
957853	73369
957853	73375
957853	73380
957853	73389
957853	73396
957853	73406
957853	73417
957853	73422
957853	73426
957853	73434
957853	73444
957853	73448
957853	73454
957853	73458
957853	73465
957853	73474
957853	73483
957853	73493
957853	73497
957853	73502
957853	73506
957853	73513
957853	73517
957853	73524
957853	73528
957853	73532
957853	73546
957853	73552
957853	73556
957853	73561
957853	73570
957853	73575
957853	73579
957853	73586
957853	73591
957853	73598
957853	73605
957853	73621
957853	73627
957853	73639
957853	73644
957853	73649
957853	73665
957853	73672
957853	73681
957853	73687
957853	73695
957853	73700
957853	73706
957853	73716
957853	73727
957853	73732
957853	73738
957853	73747
957853	73752
957853	73758
957853	73762
957853	73768
957853	73776
957853	73780
957853	73785
957853	73794
957853	73798
957853	73805
957853	73810
957853	73814
957853	73822
957853	73827
957853	73832
957853	73840
957853	73846
957853	73851
957853	73858
957853	73863
957853	73868
957853	73873
957853	73877
957853	73884
957853	73891
957853	73897
957853	73902
957853	73911
957853	73916
957853	73922
957853	73977
957853	73982
957853	73991
957853	73995
957853	73999
957853	74003
957853	74009
957853	74014
957853	74024
957853	74030
957853	74041
957853	74047
957853	74055
957853	74061
957853	74068
957853	74073
957853	74078
957857	74088
957857	74092
957857	74099
957857	74106
957857	74114
957857	74118
957857	74124
957857	74128
957857	74132
957857	74138
957857	74145
957857	74150
957857	74156
957857	74159
957857	74168
957857	74171
957857	74179
957857	74185
957857	74192
957857	74196
957857	74202
957857	74209
957857	74214
957857	74218
957857	74223
957857	74231
957857	74239
957857	74245
957857	74249
957857	74255
957857	74263
957857	74269
957857	74289
957857	74297
957857	74302
957857	74308
957857	74313
957857	74319
957857	74323
957857	74326
957857	74330
957857	74335
957857	74340
957857	74345
957857	74353
957857	74361
957857	74371
957857	74386
957857	74394
957857	74399
957857	74407
957857	74429
957857	74438
957857	74447
957857	74452
957857	74460
957857	74465
957857	74471
957857	74481
957857	74487
957857	74492
957857	74498
957857	74502
957857	74507
957857	74513
957857	74520
957857	74530
957857	74536
957857	74541
957857	74545
957857	74549
957857	74553
957857	74562
957857	74569
957857	74574
957857	74578
957857	74585
957857	74589
957857	74594
957857	74600
957857	74605
957857	74613
957857	74618
957857	74623
957857	74628
957857	74637
957857	74645
957857	74652
957857	74656
957857	74662
957857	74666
957857	74672
957857	74681
957857	74686
957857	74692
957857	74698
957857	74703
957857	74710
957857	74715
957857	74720
957857	74724
957857	74728
957857	74741
957857	74749
957857	74753
957857	74762
957857	74766
957857	74781
957857	74794
957857	74801
957857	74807
957857	74812
957857	74817
957857	74826
957857	74835
957857	74840
957857	74845
957857	74850
957857	74858
957857	74866
957857	74871
957857	74876
957857	74880
957857	74888
957857	74894
957857	74899
957857	74903
957857	74908
957857	74917
957857	74921
957857	74927
957857	74976
957857	74989
957857	74999
957857	75004
957857	75012
957857	75018
957857	75025
957857	75030
957857	75035
957857	75045
957857	75052
957857	75059
957857	75067
957857	75072
957857	75077
957855	75084
957855	75088
957855	75092
957855	75098
957855	75105
957855	75110
957855	75115
957855	75120
957855	75125
957855	75130
957855	75136
957855	75140
957855	75146
957855	75155
957855	75164
957855	75168
957855	75175
957855	75181
957855	75185
957855	75189
957855	75195
957855	75200
957855	75204
957855	75208
957855	75213
957855	75229
957855	75242
957855	75249
957855	75254
957855	75262
957855	75266
957855	75293
957855	75299
957855	75304
957855	75311
957855	75315
957855	75321
957855	75328
957855	75333
957855	75346
957855	75353
957855	75357
957855	75367
957855	75372
957855	75377
957855	75380
957855	75388
957855	75396
957855	75402
957855	75409
957855	75413
957855	75420
957855	75427
957855	75434
957855	75438
957855	75442
957855	75448
957855	75452
957855	75461
957855	75467
957855	75471
957855	75474
957855	75483
957855	75489
957855	75493
957855	75498
957855	75505
957855	75510
957855	75515
957855	75519
957855	75527
957855	75532
957855	75538
957855	75545
957855	75551
957855	75562
957855	75572
957855	75577
957855	75584
957855	75589
957855	75593
957855	75598
957855	75603
957855	75613
957855	75618
957855	75623
957855	75627
957855	75631
957855	75645
957855	75649
957855	75655
957855	75661
957855	75668
957855	75672
957855	75682
957855	75686
957855	75695
957855	75699
957855	75704
957855	75709
957855	75716
957855	75720
957855	75730
957855	75743
957855	75749
957855	75753
957855	75766
957855	75780
957855	75798
957855	75803
957855	75810
957855	75814
957855	75821
957855	75826
957855	75830
957855	75837
957855	75842
957855	75849
957855	75855
957855	75860
957855	75865
957855	75871
957855	75876
957855	75884
957855	75888
957855	75895
957855	75900
957855	75905
957855	75913
957855	75917
957855	75928
957855	75979
957855	75986
957855	75996
957855	76002
957855	76013
957855	76019
957855	76023
957855	76028
957855	76033
957855	76040
957855	76044
957855	76050
957855	76054
957855	76060
957855	76080
957854	76090
957854	76095
957854	76099
957854	76105
957854	76112
957854	76120
957854	76125
957854	76131
957854	76139
957854	76146
957854	76150
957854	76156
957854	76160
957854	76167
957854	76171
957854	76182
957854	76188
957854	76192
957854	76198
957854	76203
957854	76207
957854	76213
957854	76218
957854	76225
957854	76231
957854	76242
957854	76247
957854	76253
957854	76257
957854	76263
957854	76267
957854	76281
957854	76303
957854	76309
957854	76315
957854	76320
957854	76330
957854	76336
957854	76341
957854	76355
957854	76370
957854	76382
957854	76404
957854	76415
957854	76431
957854	76438
957854	76448
957854	76454
957854	76458
957854	76465
957854	76469
957854	76473
957854	76492
957854	76501
957854	76505
957854	76512
957854	76518
957854	76524
957854	76528
957854	76533
957854	76539
957854	76544
957854	76548
957854	76554
957854	76559
957854	76563
957854	76569
957854	76575
957854	76579
957854	76591
957854	76602
957854	76610
957854	76619
957854	76631
957854	76636
957854	76644
957854	76651
957854	76662
957854	76668
957854	76675
957854	76685
957854	76695
957854	76699
957854	76703
957854	76712
957854	76724
957854	76730
957854	76736
957854	76745
957854	76751
957854	76765
957854	76781
957854	76789
957854	76794
957854	76800
957854	76803
957854	76815
957854	76823
957854	76828
957854	76844
957854	76851
957854	76859
957854	76865
957854	76869
957854	76873
957854	76881
957854	76886
957854	76891
957854	76896
957854	76903
957854	76909
957854	76915
957854	76921
957854	76935
957854	76991
957854	77000
957854	77006
957854	77016
957854	77025
957854	77033
957854	77039
957854	77045
957854	77053
957854	77057
957854	77062
957854	77068
957854	77072
957854	77078
957852	77085
957852	77089
957852	77094
957852	77105
957852	77125
957852	77137
957852	77141
957852	77147
957852	77151
957852	77164
957852	77182
957852	77187
957852	77192
957852	77199
957852	77204
957852	77210
957852	77216
957852	77224
957852	77228
957852	77234
957852	77241
957852	77245
957852	77262
957852	77302
957852	77308
957852	77313
957852	77321
957852	77326
957852	77330
957852	77338
957852	77345
957852	77351
957852	77355
957852	77360
957852	77369
957852	77376
957852	77383
957852	77390
957852	77408
957852	77417
957852	77423
957852	77437
957852	77448
957852	77454
957852	77463
957852	77469
957852	77478
957852	77483
957852	77490
957852	77494
957852	77500
957852	77504
957852	77515
957852	77524
957852	77530
957852	77538
957852	77544
957852	77549
957852	77555
957852	77562
957852	77567
957852	77571
957852	77576
957852	77583
957852	77589
957852	77595
957852	77602
957852	77622
957852	77627
957852	77633
957852	77638
957852	77643
957852	77662
957852	77671
957852	77677
957852	77685
957852	77690
957852	77694
957852	77699
957852	77703
957852	77711
957852	77716
957852	77720
957852	77724
957852	77731
957852	77740
957852	77747
957852	77756
957852	77764
957852	77768
957852	77776
957852	77782
957852	77788
957852	77794
957852	77799
957852	77806
957852	77815
957852	77821
957852	77827
957852	77835
957852	77839
957852	77843
957852	77847
957852	77853
957852	77860
957852	77873
957852	77882
957852	77887
957852	77893
957852	77899
957852	77903
957852	77908
957852	77912
957852	77916
957852	77922
957852	77927
957852	77979
957852	77997
957852	78002
957852	78007
957852	78016
957852	78023
957852	78028
957852	78035
957852	78040
957852	78045
957852	78049
957852	78054
957852	78061
957852	78068
957852	78073
957852	78078
957855	78085
957855	78089
957855	78093
957855	78101
957855	78105
957855	78109
957855	78116
957855	78122
957855	78127
957855	78130
957855	78138
957855	78142
957855	78149
957855	78154
957855	78163
957855	78169
957855	78173
957855	78181
957855	78187
957855	78194
957855	78198
957855	78204
957855	78209
957855	78218
957855	78225
957855	78233
957855	78241
957855	78246
957855	78264
957855	78294
957855	78306
957855	78312
957855	78316
957855	78320
957855	78326
957855	78334
957855	78338
957855	78342
957855	78347
957855	78353
957855	78360
957855	78367
957855	78377
957855	78385
957855	78394
957855	78402
957855	78410
957855	78418
957855	78428
957855	78434
957855	78443
957855	78448
957855	78452
957855	78460
957855	78465
957855	78475
957855	78483
957855	78495
957855	78501
957855	78506
957855	78513
957855	78520
957855	78524
957855	78529
957855	78535
957855	78541
957855	78546
957855	78552
957855	78558
957855	78563
957855	78572
957855	78576
957855	78585
957855	78590
957855	78594
957855	78600
957855	78605
957855	78611
957855	78623
957855	78632
957855	78636
957855	78641
957855	78645
957855	78652
957855	78657
957855	78664
957855	78668
957855	78673
957855	78677
957855	78684
957855	78688
957855	78692
957855	78699
957855	78705
957855	78716
957855	78726
957855	78733
957855	78742
957855	78746
957855	78752
957855	78756
957855	78763
957855	78773
957855	78777
957855	78783
957855	78791
957855	78797
957855	78802
957855	78809
957855	78818
957855	78825
957855	78830
957855	78839
957855	78850
957855	78854
957855	78860
957855	78866
957855	78871
957855	78876
957855	78884
957855	78890
957855	78896
957855	78902
957855	78908
957855	78936
957855	78994
957855	79001
957855	79007
957855	79010
957855	79015
957855	79019
957855	79022
957855	79031
957855	79034
957855	79040
957855	79044
957855	79048
957855	79051
957855	79055
957855	79061
957855	79068
957855	79071
957855	79075
957855	79078
577052	79086
577052	79089
577052	79094
577052	79100
577052	79105
577052	79109
577052	79117
577052	79121
577052	79125
577052	79128
577052	79135
577052	79139
577052	79146
577052	79150
577052	79154
577052	79159
577052	79167
577052	79170
577052	79174
577052	79177
577052	79187
577052	79191
577052	79194
577052	79199
577052	79204
577052	79212
577052	79220
577052	79223
577052	79227
577052	79234
577052	79242
577052	79247
577052	79251
577052	79255
577052	79262
577052	79269
577052	79293
577052	79300
577052	79306
577052	79310
577052	79314
577052	79318
577052	79324
577052	79329
577052	79335
577052	79339
577052	79342
577052	79346
577052	79354
577052	79363
577052	79373
577052	79377
577052	79385
577052	79390
577052	79394
577052	79402
577052	79406
577052	79414
577052	79419
577052	79428
577052	79433
577052	79440
577052	79444
577052	79449
577052	79453
577052	79456
577052	79461
577052	79464
577052	79469
577052	79473
577052	79477
577052	79484
577052	79490
577052	79497
577052	79502
577052	79513
577052	79521
577052	79530
577052	79538
577052	79543
577052	79549
577052	79553
577052	79558
577052	79568
577052	79575
577052	79579
577052	79588
577052	79600
577052	79605
577052	79611
577052	79615
577052	79622
577052	79627
577052	79636
577052	79641
577052	79647
577052	79651
577052	79655
577052	79663
577052	79668
577052	79672
577052	79676
577052	79685
577052	79690
577052	79699
577052	79708
577052	79714
577052	79722
577052	79731
577052	79739
577052	79743
577052	79748
577052	79753
577052	79757
577052	79766
577052	79778
577052	79786
577052	79793
577052	79798
577052	79804
577052	79811
577052	79819
577052	79825
577052	79830
577052	79842
577052	79848
577052	79853
577052	79858
577052	79866
577052	79871
577052	79876
577052	79883
577052	79888
577052	79897
577052	79905
577052	79914
577052	79923
577052	79993
577052	80008
577052	80015
577052	80025
577052	80030
577052	80043
577052	80054
577052	80061
577052	80068
577052	80077
577052	80084
856728	80089
856728	80095
856728	80108
856728	80117
856728	80123
856728	80128
856728	80132
856728	80141
856728	80148
856728	80154
856728	80158
856728	80165
856728	80169
856728	80178
856728	80186
856728	80195
856728	80202
856728	80210
856728	80218
856728	80229
856728	80240
856728	80250
856728	80258
856728	80265
856728	80292
856728	80305
856728	80312
856728	80317
856728	80323
856728	80332
856728	80342
856728	80347
856728	80354
856728	80361
856728	80368
856728	80374
856728	80379
856728	80389
856728	80393
856728	80401
856728	80406
856728	80413
856728	80418
856728	80422
856728	80426
856728	80435
856728	80440
856728	80448
856728	80457
856728	80469
856728	80480
856728	80486
856728	80495
856728	80500
856728	80504
856728	80509
856728	80514
856728	80521
856728	80526
856728	80529
856728	80533
856728	80542
856728	80547
856728	80557
856728	80567
856728	80571
856728	80575
856728	80580
856728	80587
856728	80592
856728	80605
856728	80635
856728	80669
856728	80681
856728	80712
856728	80732
856728	80741
856728	80746
856728	80758
856728	80764
856728	80777
856728	80788
856728	80794
856728	80803
856728	80808
856728	80812
856728	80821
856728	80828
856728	80835
856728	80839
856728	80844
856728	80848
856728	80856
856728	80867
856728	80871
856728	80876
856728	80880
856728	80887
856728	80892
856728	80898
856728	80902
856728	80908
856728	80912
856728	80917
856728	80923
856728	80930
856728	80934
856728	80992
856728	81002
856728	81006
856728	81010
856728	81016
856728	81020
856728	81027
856728	81033
856728	81040
856728	81044
856728	81049
856728	81053
856728	81061
856728	81070
856728	81074
856728	81079
957855	81092
957855	81100
957855	81105
957855	81110
957855	81122
957855	81126
957855	81133
957855	81138
957855	81141
957855	81147
957855	81152
957855	81161
957855	81165
957855	81169
957855	81174
957855	81178
957855	81187
957855	81193
957855	81197
957855	81202
957855	81206
957855	81210
957855	81216
957855	81224
957855	81230
957855	81241
957855	81248
957855	81255
957855	81263
957855	81282
957855	81312
957855	81320
957855	81325
957855	81330
957855	81338
957855	81343
957855	81348
957855	81352
957855	81358
957855	81365
957855	81370
957855	81375
957855	81383
957855	81397
957855	81405
957855	81409
957855	81415
957855	81420
957855	81424
957855	81428
957855	81436
957855	81440
957855	81446
957855	81451
957855	81455
957855	81465
957855	81473
957855	81483
957855	81490
957855	81495
957855	81500
957855	81505
957855	81510
957855	81519
957855	81524
957855	81529
957855	81537
957855	81542
957855	81548
957855	81556
957855	81560
957855	81567
957855	81572
957855	81578
957855	81588
957855	81593
957855	81597
957855	81606
957855	81611
957855	81630
957855	81639
957855	81643
957855	81647
957855	81652
957855	81657
957855	81666
957855	81672
957855	81681
957855	81687
957855	81693
957855	81698
957855	81702
957855	81708
957855	81712
957855	81717
957855	81721
957855	81726
957855	81741
957855	81745
957855	81751
957855	81757
957855	81762
957855	81769
957855	81780
957855	81788
957855	81794
957855	81803
957855	81808
957855	81813
957855	81817
957855	81824
957855	81829
957855	81833
957855	81839
957855	81844
957855	81850
957855	81856
957855	81862
957855	81882
957855	81911
957855	81943
957855	82030
957855	82059
957855	82064
957855	82073
957855	82077
957857	82088
957857	82094
957857	82098
957857	82104
957857	82108
957857	82114
957857	82120
957857	82132
957857	82138
957857	82143
957857	82146
957857	82154
957857	82160
957857	82169
957857	82178
957857	82182
957857	82190
957857	82195
957857	82199
957857	82203
957857	82210
957857	82215
957857	82222
957857	82233
957857	82248
957857	82255
957857	82297
957857	82306
957857	82312
957857	82316
957857	82320
957857	82326
957857	82331
957857	82337
957857	82343
957857	82350
957857	82355
957857	82365
957857	82392
957857	82405
957857	82411
957857	82433
957857	82440
957857	82449
957857	82459
957857	82467
957857	82476
957857	82481
957857	82486
957857	82495
957857	82499
957857	82509
957857	82513
957857	82519
957857	82525
957857	82529
957857	82538
957857	82542
957857	82547
957857	82555
957857	82560
957857	82566
957857	82574
957857	82578
957857	82586
957857	82590
957857	82595
957857	82601
957857	82606
957857	82610
957857	82615
957857	82622
957857	82626
957857	82635
957857	82640
957857	82647
957857	82654
957857	82661
957857	82669
957857	82674
957857	82693
957857	82697
957857	82702
957857	82707
957857	82714
957857	82720
957857	82729
957857	82735
957857	82742
957857	82748
957857	82753
957857	82761
957857	82781
957857	82795
957857	82800
957857	82806
957857	82817
957857	82825
957857	82830
957857	82839
957857	82844
957857	82852
957857	82858
957857	82864
957857	82869
957857	82874
957857	82882
957857	82887
957857	82892
957857	82898
957857	82902
957857	82907
957857	82911
957857	82915
957857	82919
957857	82950
957857	82976
957857	82984
957857	82995
957857	83001
957857	83005
957857	83010
957857	83015
957857	83023
957857	83028
957857	83035
957857	83040
957857	83044
957857	83048
957857	83054
957857	83084
957852	83111
957852	83152
957852	83157
957852	83167
957852	83174
957852	83183
957852	83196
957852	83202
957852	83211
957852	83217
957852	83228
957852	83240
957852	83244
957852	83249
957852	83253
957852	83262
957852	83267
957852	83306
957852	83318
957852	83324
957852	83331
957852	83343
957852	83352
957852	83359
957852	83363
957852	83371
957852	83384
957852	83389
957852	83395
957852	83399
957852	83410
957852	83434
957852	83461
957852	83479
957852	83493
957852	83507
957852	83514
957852	83524
957852	83530
957852	83543
957852	83552
957852	83576
957852	83590
957852	83600
957852	83615
957852	83620
957852	83626
957852	83634
957852	83642
957852	83652
957852	83657
957852	83669
957852	83676
957852	83684
957852	83693
957852	83700
957852	83705
957852	83716
957852	83726
957852	83732
957852	83746
957852	83750
957852	83754
957852	83761
957852	83796
957852	83807
957852	83812
957852	83825
957852	83831
957852	83841
957852	83846
957852	83850
957852	83859
957852	83867
957852	83871
957852	83877
957852	83891
957852	83906
957852	83915
957852	83920
957852	83928
957852	83933
957852	83994
957852	84013
957852	84019
957852	84023
957852	84032
957852	84041
957852	84047
957852	84051
957852	84059
957852	84064
957852	84071
957852	84077
957858	84082
957858	84088
957858	84093
957858	84102
957858	84115
957858	84121
957858	84127
957858	84138
957858	84151
957858	84156
957858	84163
957858	84168
957858	84173
957858	84184
957858	84190
957858	84198
957858	84205
957858	84215
957858	84233
957858	84245
957858	84252
957858	84264
957858	84269
957858	84276
957858	84303
957858	84316
957858	84323
957858	84330
957858	84339
957858	84347
957858	84353
957858	84379
957858	84399
957858	84406
957858	84415
957858	84421
957858	84433
957858	84439
957858	84445
957858	84449
957858	84456
957858	84464
957858	84468
957858	84478
957858	84487
957858	84493
957858	84499
957858	84504
957858	84513
957858	84522
957858	84528
957858	84534
957858	84544
957858	84548
957858	84555
957858	84560
957858	84567
957858	84576
957858	84585
957858	84589
957858	84595
957858	84600
957858	84612
957858	84618
957858	84624
957858	84629
957858	84638
957858	84649
957858	84655
957858	84660
957858	84672
957858	84680
957858	84684
957858	84689
957858	84694
957858	84700
957858	84706
957858	84713
957858	84717
957858	84727
957858	84733
957858	84742
957858	84747
957858	84757
957858	84765
957858	84770
957858	84780
957858	84784
957858	84793
957858	84797
957858	84801
957858	84806
957858	84817
957858	84826
957858	84834
957858	84840
957858	84847
957858	84865
957858	84881
957858	84921
957858	84984
957858	84995
957858	84999
957858	85004
957858	85009
957858	85016
957858	85024
957858	85028
957858	85033
957858	85040
957858	85046
957858	85053
957858	85057
957858	85061
957858	85067
957858	85073
957858	85080
957853	85084
957853	85092
957853	85101
957853	85112
957853	85122
957853	85133
957853	85138
957853	85156
957853	85165
957853	85172
957853	85180
957853	85186
957853	85194
957853	85200
957853	85207
957853	85223
957853	85231
957853	85247
957853	85253
957853	85259
957853	85266
957853	85282
957853	85295
957853	85306
957853	85314
957853	85320
957853	85330
957853	85340
957853	85345
957853	85349
957853	85358
957853	85378
957853	85396
957853	85411
957853	85418
957853	85429
957853	85434
957853	85444
957853	85450
957853	85455
957853	85464
957853	85471
957853	85475
957853	85484
957853	85491
957853	85498
957853	85507
957853	85513
957853	85517
957853	85525
957853	85532
957853	85540
957853	85545
957853	85550
957853	85554
957853	85560
957853	85568
957853	85573
957853	85579
957853	85585
957853	85589
957853	85595
957853	85600
957853	85607
957853	85619
957853	85624
957853	85628
957853	85635
957853	85640
957853	85648
957853	85658
957853	85668
957853	85681
957853	85686
957853	85696
957853	85702
957853	85711
957853	85723
957853	85735
957853	85745
957853	85752
957853	85756
957853	85764
957853	85775
957853	85786
957853	85792
957853	85796
957853	85801
957853	85808
957853	85815
957853	85821
957853	85827
957853	85832
957853	85840
957853	85844
957853	85851
957853	85858
957853	85870
957853	85882
957853	85887
957853	85891
957853	85895
957853	85903
957853	85908
957853	85916
957853	85920
957853	85926
957853	85934
957853	85983
957853	86001
957853	86025
957853	86033
957853	86042
957853	86069
957853	86078
957855	86101
957855	86112
957855	86120
957855	86132
957855	86140
957855	86148
957855	86164
957855	86177
957855	86186
957855	86191
957855	86196
957855	86201
957855	86205
957855	86211
957855	86215
957855	86220
957855	86228
957855	86234
957855	86243
957855	86249
957855	86254
957855	86262
957855	86267
957855	86272
957855	86301
957855	86308
957855	86315
957855	86320
957855	86324
957855	86328
957855	86335
957855	86340
957855	86344
957855	86352
957855	86356
957855	86360
957855	86369
957855	86376
957855	86385
957855	86393
957855	86410
957855	86419
957855	86430
957855	86438
957855	86446
957855	86450
957855	86455
957855	86465
957855	86469
957855	86477
957855	86483
957855	86491
957855	86497
957855	86501
957855	86508
957855	86521
957855	86525
957855	86532
957855	86543
957855	86552
957855	86558
957855	86565
957855	86585
957855	86601
957855	86608
957855	86620
957855	86718
957855	86767
957855	86789
957855	86804
957855	86813
957855	86820
957855	86828
957855	86836
957855	86843
957855	86850
957855	86856
957855	86870
957855	86875
957855	86882
957855	86886
957855	86892
957855	86901
957855	86905
957855	86915
957855	86921
957855	86933
957855	86987
957855	86995
957855	87001
957855	87007
957855	87017
957855	87025
957855	87033
957855	87040
957855	87046
957855	87056
957855	87062
957855	87070
957855	87075
957855	87081
957852	87089
957852	87093
957852	87102
957852	87107
957852	87114
957852	87124
957852	87134
957852	87138
957852	87143
957852	87148
957852	87234
957852	87252
957852	87258
957852	87297
957852	87308
957852	87317
957852	87324
957852	87339
957852	87346
957852	87354
957852	87360
957852	87369
957852	87375
957852	87391
957852	87403
957852	87409
957852	87419
957852	87423
957852	87437
957852	87441
957852	87449
957852	87459
957852	87465
957852	87471
957852	87475
957852	87491
957852	87498
957852	87503
957852	87507
957852	87515
957852	87522
957852	87532
957852	87543
957852	87560
957852	87569
957852	87577
957852	87586
957852	87590
957852	87601
957852	87608
957852	87616
957852	87620
957852	87624
957852	87628
957852	87635
957852	87639
957852	87649
957852	87655
957852	87660
957852	87667
957852	87672
957852	87676
957852	87684
957852	87689
957852	87695
957852	87701
957852	87705
957852	87710
957852	87714
957852	87719
957852	87723
957852	87732
957852	87740
957852	87744
957852	87750
957852	87753
957852	87761
957852	87767
957852	87771
957852	87782
957852	87793
957852	87800
957852	87806
957852	87810
957852	87818
957852	87824
957852	87828
957852	87836
957852	87840
957852	87844
957852	87853
957852	87857
957852	87863
957852	87868
957852	87874
957852	87884
957852	87899
957852	87907
957852	87918
957852	87922
957852	87932
957852	87989
957852	88017
957856	88092
957856	88104
957856	88111
957856	88125
957856	88137
957856	88148
957856	88154
957856	88159
957856	88172
957856	88181
957856	88188
957856	88194
957856	88200
957856	88206
957856	88215
957856	88220
957856	88228
957856	88244
957856	88252
957856	88260
957856	88265
957856	88291
957856	88304
957856	88309
957856	88314
957856	88322
957856	88328
957856	88337
957856	88340
957856	88346
957856	88349
957856	88356
957856	88361
957856	88372
957856	88377
957856	88388
957856	88395
957856	88400
957856	88405
957856	88409
957856	88413
957856	88419
957856	88423
957856	88430
957856	88436
957856	88440
957856	88444
957856	88451
957856	88458
957856	88463
957856	88468
957856	88477
957856	88484
957856	88491
957856	88494
957856	88501
957856	88507
957856	88514
957856	88522
957856	88528
957856	88534
957856	88539
957856	88544
957856	88548
957856	88552
957856	88561
957856	88571
957856	88575
957856	88586
957856	88592
957856	88597
957856	88605
957856	88609
957856	88615
957856	88618
957856	88624
957856	88629
957856	88637
957856	88642
957856	88653
957856	88658
957856	88665
957856	88679
957856	88688
957856	88695
957856	88700
957856	88705
957856	88709
957856	88718
957856	88726
957856	88734
957856	88743
957856	88749
957856	88754
957856	88771
957856	88794
957856	88805
957856	88813
957856	88820
957856	88825
957856	88829
957856	88838
957856	88844
957856	88850
957856	88856
957856	88862
957856	88868
957856	88874
957856	88879
957856	88890
957856	88905
957856	88913
957856	88919
957856	88997
957856	89005
957856	89012
957856	89025
957856	89040
957856	89046
957856	89056
957856	89061
957856	89066
957856	89072
957856	89089
957853	89120
957853	89125
957853	89139
957853	89146
957853	89154
957853	89160
957853	89167
957853	89176
957853	89186
957853	89195
957853	89203
957853	89212
957853	89222
957853	89237
957853	89243
957853	89250
957853	89258
957853	89262
957853	89268
957853	89292
957853	89304
957853	89308
957853	89313
957853	89320
957853	89325
957853	89329
957853	89335
957853	89341
957853	89344
957853	89354
957853	89360
957853	89370
957853	89375
957853	89382
957853	89393
957853	89402
957853	89414
957853	89421
957853	89430
957853	89439
957853	89445
957853	89450
957853	89463
957853	89481
957853	89492
957853	89508
957853	89514
957853	89520
957853	89527
957853	89531
957853	89538
957853	89542
957853	89546
957853	89550
957853	89554
957853	89561
957853	89569
957853	89574
957853	89579
957853	89588
957853	89593
957853	89597
957853	89602
957853	89610
957853	89625
957853	89629
957853	89633
957853	89640
957853	89646
957853	89651
957853	89656
957853	89660
957853	89669
957853	89674
957853	89682
957853	89691
957853	89695
957853	89699
957853	89704
957853	89712
957853	89716
957853	89722
957853	89729
957853	89735
957853	89743
957853	89750
957853	89754
957853	89760
957853	89764
957853	89774
957853	89781
957853	89792
957853	89797
957853	89806
957853	89810
957853	89814
957853	89822
957853	89826
957853	89837
957853	89841
957853	89847
957853	89859
957853	89865
957853	89871
957853	89876
957853	89881
957853	89904
957853	89943
957853	89997
957853	90009
957853	90014
957853	90022
957853	90035
